mild_winter = LIST {
	33 34 35 36 37 38 39 40 41 42 43 44 45 #Greece Impassables
	2050 2004 2738 2739 2708 2707 2705 2706 1059 1058 2051 1065 1142 2046 2045 2031 2032 2033 313 318 291 311 284 283 288 75 77 1051 1049 1053 1055 2723 2727 2728 2024 2023 2026 2028 2034 2035 2039 2042 2038 2725
	157 154 158 1574 2511 1497 #Hypsus
	162 2195 2508 159 1489 135 #Akovos
	192 150 146 147 149 456 1577 1530 #Eurymanthos non-coast
	137 136 140 141 143 144 2506 #Tegea
	206 207 205 201#Aroania mountains
	367 382 404 403 401 398 373 400 #Lokris non-coast
	417 422 415 397 #Kirra mountains
	425 438 #Thermos mountains
	638 508 507 506 503 504 505 510 530 531 512 #Karpenisi
	529 580 528 583 582 #Ithome cold
	610 606 604 632 607 527 639 609 608 613 612 #Theopetra cold
	516 514 #Theodoria a bit warmer
	518 1728 1717#Ambrakia cold
	1143 #Kydonia cold
	1097 1098 #Knossos cold
	1140 #Eleutherna cold
	1123 1122#Gournia cold
	1133 1091 1129 1128 1126 1124#Malia cold
	1718 1750 1753 1755 1754 477#Ephyre cold
	457 1726 1725 1721 1719 1720 1727 1987 1732 1723 #Dodona
	1758 1757 1756 1761 1763 1768 #Epeiros cold
	1782 1785 1781 1780 1778 1779 1775 1786 1787 2650 #Argyas cold
	1766 1770 1771 1773 1774 1788 1789 1790 1765 1791 #Khanoia cold
	1724 1735 1737 1764 1736 1734 1733 1741 1740 1739 1738 #Molossis
	1742 1743 1985 1793 1792 1794 1746 1991 1992 1571 2651 #Aoos
	1990 1994 1996 1989 1998 1997 1986 2649 2643 2652 #Parauaia
	1922 1969 1924 1920 1919 1748 1747 1918 1923 #Boion
	1963 1962 1964 1966 1925 1926 1967 1970 1961 #Orestis
	1910 1912 1913 1911 1909 1906 1907 1917 1916 #Tymphaia
	1905 1904 1903 1902 1898 1899 1901 568 1897 #Olympos
	1914 1915 1927 1928 1908 1929 1930 1945 1937 1938 #Elimeia/Eratyra
	1932 1933 1934 1936 1940 1999 1943 1827 1796 #Polifitou
	1821 1982 1822 1818 1819 1820 1824 1817 1823 1984 #Almopia
	1815 1814 1813 1812 1816 1810 1811 1975 1534 #Loudias
	2060 2065 2064 2169 2066 2202 2068 2069 2063 2072 #Dojran
	2077 2073 2078 2088 2090 #Koroneia
	1871 2087 1870 1872 1869 1868 2096 2097 1850 #Volvi
	2086 2095 2094 2085 2083 2081 #Mygdonia
	2103 2102 2104 2108 2105 2107 2162 2163 2106 2109 2161 #Bisaltia
	2168 2167 2166 2165 2170 2164 #Orbelos
	2157 2148 2155 2153 2124 2126 2154 2206 2207 2208 2209 #Drama/Sitagroi
	2140 2215 #Vistonidas cold
	1316 1317 1314 1320 1319 1237 1274 2260 1269 #Sipylos cold
	1388 #Apasa cold
	1322 1349 1345 1339 1344#Kaystros Cold
	1348 1350 1354 1359 1358 1365 1361 1360 2582 #Thyaira
	1373 1372 1376 1378 1377 1370 1366 1369 #Tmolos
	1403 1400 1406 1407 1408 1409 1410 1414 1416 1668 1665 #Maiandros
	1664 1666 1662 1661 1656 1659 1658 1651 1650 #Orthosia
	1652 1646 1644 1648 1642 1638 1639 1634 1633 #Brioula
	1632 1630 1628 1610 1605 1612 1607 1611 1608 1614 #Mosymos
	1622 1623 1621 1620 1617 1615 2624 1613 2434 1524 1616 #Harpasos
	1599 1598 1596 1594 1595 1593 1601 1603 1592 #Sallawassa
	1587 1586 1585 1583 1584 1582 1526 1591 1590 #Ute
	1671 1670 1323 #Kaunos cold
	1431 1429 1478 #Mutamutassas cold
	1475 #Millawanda Cold
	1424 2502 1421 2501 1419 1417 1426 1428 1518 1516 #Waliwanda cold
	1507 1509 1508 1510 1520 1513 1499 1514 1522 1528 #Irfo
	2458 #Khersonesos cold
	2470 2590 2589 2588 2587 2586 #Kardia cold
	1268 #Dardanos cold
	1286 1280 1278 1291 1247 1289 1482 1575 #Skamandros cold
	1455 1395 1422 2411 2415 2413 2416 1177 1396 1483 1432 #Granikos
	2432 2420 2447 2443 2418 #Knarli cold
	2431 2430 2427 2491 2421 #Kayi cold
	1241 1445 1230 2405 2408 2403 2401 #Antandros cold
	2382 2385 2393 2399 2391 #Herakleia cold
	2352 2355 2353 2359 2486 2361 2366 2362 2356 #Seha Valley
	2365 2369 2368 2370 2364 2373 2379 2378 2374 #Upper Seha
	2327 2312 2330 #Mouth of warmala cold
	2568 2562 2566 2565 2560 2559 2557 #Lykos
	1674 1560 1535 1537 2555 2563 2584 2554 2553 2551 #Mira
	2310 2471 2472 2308 2474 2476 2484 2480 2483 2481 2482 #Lower Warmala
	2284 2267 2262 2263 2536 2569 2265 2574 2538 #Marmara
	2550 2547 2548 2546 2580 2545 2579 2577 2541 2540 2575 #Warmala Source
	2297 2299 2300 2303 2375 2295 2304 2294 2292 2289 2296 #Lydia Lykos
	2281 2278 2275 2276 2269 2285 #Hyllos
	2603 2612 2608 2604 2623 2618 2620 2616 2613 #Erigon Source
	2626 2203 1979 1978 1977 1973 1972 1890 #Prespa
	2631 2634 2630 2635 2636 2627 1893 #Ohrid
	2648 2647 2641 2644 2638 2640 2646 #Amyron
	2212 2214 2210 2213 2144 2143 2142 2129 2146 2147 #Sapaike
	2216 2218 2219 2222 2221 2223 2224 2225 2226 #Lissos cold
	2176 2177 2179 2180 2197 2200 #Mouth of Hebros cold
	7 59 1450 1501 1502 1503 #Zippasla cold
	1500 630 1449 1447 1448 1411 1334 1333#Pinata cold
	1330 3010 2996 #Patara cold
	3007 3008 3006 3003 3004 3001 #Hinduwa cold
	2940 2936 2941 2939 #Zumarri cold 
	3320 3321 1446 3318 3319 2946 2945 2944 640 #Wiyanawanda
	2947 2942 2952 2950 2951 2954 2953 3012 #Wiwalan
	2964 2965 2966 2967 3322 2959 2958 2957 2955 2956 #Lahisti
	2969 2982 2983 2981 2979 #Parha cold
	1504 1505 1684 2067 2492 1685 2495 2494 2496 2497 3331 #Huntiya
	2498 2935 1889 3020 3021 3023 3022 3025 3019 3024 #Ilaniya
	3016 2995 3015 3013 2994 3014 2993 #Isnati
	2992 2991 2988 2989 2990 2986 2987 2985 2984 3036 #Kuwalapassa
	3026 3028 3027 3031 3030 3034 3033 3035 3037 3039 3029 3038 #Uwassa
	2976 2977 2978 3045 3044 3043 #Lower Kastaraya cold
	3047 3040 3048 3051 3052 3053 3054 3050 3055 3056 3057 #Upper Kastaraya
	3058 3062 3076 3077 3081 #Lower Eurymedon cold
	3063 3065 3075 3074 3066 3067 3073 3072 3068 3069 3071 3070 #Upper Eurymedon
	3099 3089 3087 #Lower Melas Cold
	3098 3090 3091 3097 3096 3092 3095 3093 3094 #Upper Melas Cold
	3210 3217 3212 3213 3216 3214 3215 #Malati cold
	3223 3225 3316 3227 3229 #Sallusa Cold
	3231 3233 3312 3313 #Nahita cold
	3314 3315 3241 #Saranduwa cold
	3297 3295 3294 3292 3291 3290 #Talwisuwanda
	3261 3263 3262 3267 3260 3259 #Isaranta
	3283 3307 3304 3271 3305 3270 3269 3268 #Zarhassa
	3274 3276 3277 3278 3279 3265 #Lahhwiyassi
	3306 3285 3281 3286 3280 3287 3289 3288 #Ahur

	1944 1952 1983 1948 1950 1960 1980 1981 1953 1955 #eordaia
	1959 1958 1957 1956 2597 2601 2600 2606 #vegorotida
	3338 3339 3336 3340 3335 3334 3032 3343 3333 #Yarisli
	3324 3323 3325 3326 3328 3329 3327 3330 3341 3344 #Salda

	525 524 523 521 522 519 520 526 #Theodoria
	#
	#More for Aegean area v0.5
	2158 5160 2101 2100 2114 624 623 625 617 535 392 391 385 190 168 1627 156 161 2504 2505 132 214 6 5550 424 1565 1682 1402 3169 3181 3103 3104 3107 3108 3124 4928 4929 4938 4925 4937 4936 4935 4924 2160 1427 2055 2056 439 513 2522 517 414#Some in libya
	#

	6529 6519 6531 6530 6602 6526 6527 6523 6603 6524 6600 6601 #huhnuri
	6535 6604 6532 6528 6533 6537 6606 6538 6534 #Susaniangate
	6545 6605 6540 6544 6546 6547 6482 6481 6480 6525 6487 6548 6521 6522#Anshan
	1995 2204 2637 193 2141 2091 1804 2076 2074 1809#Dilmun Islands
	3558 3864 6670 3570 6671 3569 6672 6673 3566 3560 #Kummuhi
	5879 5878 5869 5875 5877 5876 5870 5880 5863 #Habhu
	5932 5853 5860 5864 5867 5865 5854 5852 5850 #Sumu
	5858 5857 5861 5862 5851 5931 5930 5885 5849 5848 5926 5844 #Amadani
	5791 5798 5792 5794 5845 5928 5793 5795 5796 5797 #Eluhat
	5929 5789 5790 5927 5785 5784 5783 5788 5782 5787 5786 6447 #Tushan
	5780 5922 5935 5779 5883 5923 5778 5884 5882 5847 5846 #Bityahiri
	5800 5805 5807 5803 5801 5802 5804 5799 5806 #Zamani
	5813 5815 5814 5810 5811 5812 5809 5808 5816 #Qilissa
	5838 5836 5842 5837 5840 5839 5841 5835 6860 #Kulimmeri
	5905 5904 5902 5901 5900 5843 5906 5914 #Habhutu
	5912 5910 5911 5773 5774 5781 5913 5771 5772 6446 #Simanum
	5903 5767 5768 5916 5770 5915 5766 5769 5917 #Katmuhi
	5776 5775 5918 5919 155 5777 5921 5920 6448 #Kasiyari
	5820 5825 5824 5823 5819 5818 5817 5821 5822 5856 #Upumu
	26 5834 5833 5828 5832 5829 5827 5830 5831 5826 #Diglat
	5764 5765 5763 5761 5760 5229 5220 5907 5908 5855 5859 #ressubnar
	5257 5886 5887 5888 5890 5889 6445 5891 5758 5759 5762  #Haburatum
	3551 4337 4330 350 2507 2629 138 133 3565 #Various Taurus
	5621 5620 5619 5618 5615 #Assyrian border to Urartu
	5909 4972 4970 4969 4118 4110
	3963 3966 3962 3956 3961 3960 3955 3967 3968 3958 3954 3953 3952 3951 3950 3939 3932#Lebanon mountain valley
	3916 3929 3927 3926 3925 3917 3918 3921 3938 3922 3923 3941#Orontes Source
	3942#Fijeh Spring
	6594 6598 6597 6596 6636 6580 6637 6579 6577 6284 6283 6287 6202 #Gutium
	2487 1240 1153 1104 2516 1206 1147 1149 1148 1150 1152 #Some Aegean Islands
	3356 3375 3365 3376 3382 3386 3385 3390 3396 3395 3393 3427 3426 3432 4447 3433 3436 3437 3442 3459 3461 3462 3486 3485 3484 3483 4331 3347#Cilicia
}
normal_winter = LIST {
	71 70 287 290 293 1686 1687 1688 1689 1690 1691 1692 1693 1694 1695 1696 1697 1698 1699 1702 316 294 295 301 299 292 2721 305 105 2047 2037 2001 1707 1709 1710 1711 1701 319 314 315 1704 1703 2002 2007 2011 2006 2025 2012 2013 2014 2016 2003 2009 2010 281 2740 2720
	2655 2061 2656 2658 2654 2653 #Idomene
	1731 1729 #Greek muntains

	3182 3172 3190 3191 3157 3106 3105#Cyprus mountains
	3348 3349 3351 3354 3374 3358 3357 3367 3366 3377 3381 3380 3379 3378 3387 3388 3389 3391 3392 3394 3440 3439 3441 3438 3443 3444 3445 4329 #Tarsus mountains in Kizzuwatna/Cilicia
	3519 3518 #Levant Mountains
}
severe_winter = LIST {
	
	
	6536 6542 6541 6539 6543#Anshan
}
arid = LIST {
	3797 3798 3799 1572 1506 1523 3793 3794 3796 1436 #South Sinai
	590 3308 3309 3310 3311 1433 1442 1547 1460 3342 #East Sinai
	3924 4814 1332 1387 1342 2270 2338 1295 2334 1296 1559 1561 #Nabatea
	1418 1494 1484 1649 1412 1473 1452 4628 4729 4730 #Suez
	4743 4724 4723 4725 4726 1415 4727 4728 4731 4753 #ph1
	4701 4706 4732 4733 4713 4714 4720 4721 4722 #Quseir
	4742 4740 4741 4739 4738 4737 4736 4735 4734 #Berenike
	4694 4695 4696 4699 4700 4703 4702 4704 4705 4707 4697 4698 #Wadi hammamat
	1487 4630 2098 4751 4749 4747 106 4466 1425 #Ammonia
	4712 4709 4716 4717 4718 4933 4719 4804 4715 4932 #Aghilasse
	4396 3949 3959 4398 4446 4393 4394 4392 4391 4390 4126 4416 4389 3969 4409 4405 4407 4406 4404 4321 4316 4408 4402 4383 4381 4380 4156 4153 4387 4174 4171 4167 4168 4169 4170#Moab/Edom Deserts
	4238 4239 4281 4240 4282 4241 4318 4317 4280 4279 4287 #Western dead sea
	4019 4018 4021 4022 4024 4020 4017 4043 4015 #Yabrudu
	4130 4005 4012 4129 3815 3814 4013 3813 3792 3787 3786 3770 3771 3772 3781 3767 3769 4001 3782 3783 3785 3657 3649 3765 3652 3768 #Tadmor deserts
	3662 3667 3684 4002 3619 3719 3720 4425 4424 4423 3610 3611 3612 3609 3613 3608 3635 3636 3637 4373 4420 4419 4422 4421#North Levant Desert Mountains
	4237 4236 4255 4235 4234 4233#Jordan river deserts
	2340 1423 1640 2320 4632 2152 1848 1830 2596 4745 2595 2611 1941 1162#Egyptian Deserts
	4918 4917 4944 4919 4948 4943 #Cyrenaica deserts
	2384 2383 2390 2387 2392 2395 2398 2397 2402 2404 1252 #First Cataract
	1542 2407 1245 2409 1299 1165 1677 1281 1307 1271 1315 #qereti
	1327 1318 1235 2456 1249 1465 2464 2460 2469 2468 2461 #Sinisri
	2438 2439 2440 2437 2446 2445 1683 1458 2448 2444 1255 #2nd cataract
	1336 1459 1472 2423 1521 2414 2255 2426 2412 2428 3111 2343 #Semna
	2417 3131 2336 2339 3122 3205 2419 2520 1197 1310 1182 1186 #Dal
	1519 1600 1602 1606 1580 1555 13 2561 1198 2556 2537 2271#Sye
	1326 117 1392 #Kerma Arid
	556 1439 1496 1474 1493 1488 1570 1672 3800	1553 1538 #Land of turqouise
	1454 4708 4710 4711 4957 4958 4959 4956 1540 3795 4627 1463 1461 3930 3920 1420 1258 2319 4417 4418 4176 4415 4410 4324 4323 4138 4139 4411 4412 4413 4326 4325 4044 4014 3817 4023 3816 4004 4414 4430 1527 4761 4760 4759 4758 4770 4769 4768 4767 4766 4771 4791 4773 4774 4775 4772 4776 4778 4777 4779 4780 4781 4782 4783 4784 4785 4786 4754 4755 4756 4757 4752 4750 4748 4787 4788 4789 4790 #Uninhabitable deserts  
	1968 1965 4692 4693 4691 4690 4689 4688 4687 4686 1954 #Egyptian areas between arid and warm
	3293 3255 3296 3258 2089 2253 23 116 9 1795 1353 2264 2287 1351 1375 2572 2273 2318 151 148 110 3009 1722 6721 6463 6720 6646 6572 6570 6571 #Mesopotamian deserts
	179 2425 2490 2410 2429 1563 2139 1545 2092 1851 1730 52 67 27 10 213 145 2191 511 2111 2159 2082 119 6831 6832 6833 6834 6835 6836 6837 6838 6839 6840 6841 6842 6843 6844 1807 6845 6846 6847 6848 6850 6849 6851 6852 6853 6854 6855 6856 6859 6857 1839#Dilmun
	5250 444 3843 3718 602 2642 2645 584 3546 6660 109 107 #Amorite Homeland area
	30 3515 442 2633 577 #Around Amorite Homeland
	1576 2999 3005 1486 1564 2539 2217 3200 1536 1324 2288 #Bit adini
	596 3002 2272 3780 3779 3185 1525 3189 3116 3158 3141 3142 3162 3866 2509 3564 152 3919 3914 3931 277 2949 1597 2974 3492 3470 5866 5934 5871 5881#East of Emar-Karkemish
	3417 5252 3587 3691 3401 3435 3211 3221 3317 3464 2475 #Saha
	#Around Saha
	3046 3080 3218 581 567 330 3282 3273 598
	611 1356 2351 6669 235 #Euphrates
	6732 6731 6730 6719 6729 6728 6727 6649 5354 5379#Tigris
	5253 2156 3017 3302 3904 5933 3702 3018 1515 1430 3256 #Hasamu
	5868 5872 5873 5874 3878 3943 3208 3251 3505 1900 3510 3516 230 3456 260 3247 3275 3532#West of Khabur
	5331 5332 5330 5333 5329 5316 5328 5334 5335 5314 5336 5337 5313 5338 5375 5387 5376 5377 5386 5385 5368 5369 5343 5373 5347 5346 5372 5374 5341 5382#Sinjar
	6716 6717 5752 6462 6461 6456 6455 6460 5745 5892 5894 5893 5895 5559 5557 5561 5563 5527 5516 5514 5503 5435 5504 5506 5437 5423 5421 5420 5425 5426 5419 5416 5473 5482 5487 5485 5534 5542 6722 6723 6724 6725 6718 6726 6279 6331 6333 6334 6335 6336 6339 6440 6340 6332 6323 6324 6325 6328 6320 6366 6360 6365 6397 6330 6441 6442 6443 6444 6258 6259 6260 6438 6296 6436 6437 6265 6264 6262 6263 6434 6435 6439 6242 6243 6247 6237 6233 6235 6232 6231 6228 6230 6236 6234 6246 6238 6245 6244 6239 6229 6224 6223 5607 6222 6221 5606 6241 6240 6210 6213 6209 6227 6226 6225 5603 5602 5604 6220 5661 5654 5655 5660 5577 5576 5571 5572 5562 5558 5588 5560 5507 #Southern Mesopotamia
	6194 6269 6198 6199 6281 6282 6196 #pha14
	6274 6276 6280 6277 6278 6267 6271 6270 6266 #Qirbit
	6573 6197 6587 6643 6644 6585 6588 6589 6591 6586 6574 #pha38
	6575 6582 6581 6576 6578 6583 6641 6584 #pha30
	6645 6592 6622 6590 6593 6623 #pha42
	6628 6627 6629 6626 6642 6625 6624 6595 #pha41
	6634 6633 6599 6635 6632 6639 6631 6640 6630 6638 #pha40
	6286 6285
	6297 6188 6502 6504 6503 6505 6648 6393 6484 6485 6618 6486 6489 6488 6468#Elam various
	6470 6515 6516 6471 6517 6472 6473 6474 6496 #pha30
	6507 6506 6508 6509 6510 6511 6513 6512 6469 6514 #pha29
	6616 6499 6518 6497 6498 6494 6476 6477 6493 6495 #pha32
	6492 6491 6490 6520 6615
	6871 6873 6880 6877 #Magan
	6888 6887 6882 6881 6883#al-ahsa
	6889#failaka island
	4309 4312 4310 4311 4319 4313 4320 4314#Southern Levant
	6890 6891 6892 4590 #Some of western egypt
	1653 1799 6858 6876 6867 6875 6874 6872 6870 6869 6868 6866 6865 6864 6863 6862 6861#Dilmun more
	#
	#More in Libya v0.5
	4945 4946 4947 4939 4940 4941 4942 4931
	#
	6459 6458 6457 5665 579 3538 3534 3448 5311 5312 6715 6714 6713 6712 6662 6659 6658 6657 6664 6656 3773 6663 6647
}