object={
	name="rock_generator_1_0"
	clamp_to_water_level=no
	render_under_water=no
	generated_content=yes
	layer="rock_layer"
	pdxmesh="rock_Lshape_mesh"
	count=14
	transform="517.709473 0.000000 3275.990723 0.000000 0.233887 0.000000 0.972264 0.326392 0.326392 0.326392
550.601318 0.000000 3267.811279 0.000000 0.942498 0.000000 0.334211 0.453890 0.453890 0.453890
567.529663 0.000000 3263.803223 0.000000 0.903424 0.000000 -0.428749 0.559737 0.559737 0.559737
4009.593750 0.000000 3085.848145 0.000000 0.736008 0.000000 0.676972 0.403274 0.403274 0.403274
4064.406982 0.000000 3115.037109 0.000000 0.977358 0.000000 -0.211590 0.528530 0.528530 0.528530
4063.897217 0.000000 3126.949951 0.000000 0.354554 0.000000 0.935035 0.341622 0.341622 0.341622
4048.073242 0.000000 3133.836670 0.000000 0.612192 0.000000 -0.790709 0.619303 0.619303 0.619303
4035.189209 0.000000 3165.159912 0.000000 0.020485 0.000000 -0.999790 0.701649 0.701649 0.701649
4052.525391 0.000000 3135.719482 0.000000 0.316993 0.000000 0.948428 0.336706 0.336706 0.336706
3991.421875 0.000000 3200.996094 0.000000 0.457229 0.000000 0.889349 0.358001 0.358001 0.358001
3970.872070 0.000000 3256.815918 0.000000 0.547348 0.000000 -0.836905 0.632444 0.632444 0.632444
3968.081055 0.000000 3261.805420 0.000000 0.067841 0.000000 -0.997696 0.697359 0.697359 0.697359
3936.729736 0.000000 3280.326660 0.000000 0.799599 0.000000 -0.600534 0.583466 0.583466 0.583466
3940.235596 0.000000 3289.536865 0.000000 0.869996 0.000000 -0.493060 0.566035 0.566035 0.566035
"}
object={
	name="rock_generator_1_1"
	clamp_to_water_level=no
	render_under_water=no
	generated_content=yes
	layer="rock_layer"
	pdxmesh="rock_jagged_mesh"
	count=5
	transform="553.683777 0.000000 3268.353760 0.000000 0.359309 0.000000 -0.933219 0.661015 0.661015 0.661015
4013.556885 0.000000 3085.630615 0.000000 0.793435 0.000000 0.608655 0.412600 0.412600 0.412600
3987.738281 0.000000 3205.775879 0.000000 0.775545 0.000000 -0.631293 0.596713 0.596713 0.596713
3985.254395 0.000000 3207.911865 0.000000 0.137479 0.000000 -0.990505 0.699969 0.699969 0.699969
3938.957764 0.000000 3284.698975 0.000000 0.989044 0.000000 0.147618 0.480063 0.480063 0.480063
"}
object={
	name="rock_generator_1_2"
	clamp_to_water_level=no
	render_under_water=no
	generated_content=yes
	layer="rock_layer"
	pdxmesh="rock_jagged_2_mesh"
	count=14
	transform="573.049377 0.000000 3260.734131 0.000000 0.998252 0.000000 -0.059094 0.507543 0.507543 0.507543
534.963074 0.000000 3270.780029 0.000000 0.494836 0.000000 0.868986 0.360650 0.360650 0.360650
571.848816 0.000000 3268.120361 0.000000 0.957269 0.000000 -0.289201 0.537502 0.537502 0.537502
568.440613 0.000000 3267.237305 0.000000 0.897831 0.000000 -0.440341 0.561244 0.561244 0.561244
564.418213 0.000000 3264.396729 0.000000 0.946214 0.000000 -0.323540 0.543512 0.543512 0.543512
4060.223877 0.000000 3129.575928 0.000000 0.007620 0.000000 0.999971 0.298238 0.298238 0.298238
4064.724365 0.000000 3118.877197 0.000000 0.862279 0.000000 -0.506433 0.573580 0.573580 0.573580
4062.052979 0.000000 3118.269775 0.000000 0.351110 0.000000 0.936334 0.334180 0.334180 0.334180
4051.509033 0.000000 3140.151611 0.000000 0.967468 0.000000 0.252995 0.466412 0.466412 0.466412
3983.039551 0.000000 3207.988525 0.000000 0.745147 0.000000 0.666901 0.400305 0.400305 0.400305
3928.039551 0.000000 3285.083252 0.000000 0.844484 0.000000 -0.535581 0.572951 0.572951 0.572951
3934.628906 0.000000 3286.534424 0.000000 0.770411 0.000000 -0.637547 0.589056 0.589056 0.589056
3925.030273 0.000000 3280.325439 0.000000 0.289065 0.000000 -0.957309 0.666808 0.666808 0.666808
3967.197754 0.000000 3263.803223 0.000000 0.968844 0.000000 0.247671 0.467822 0.467822 0.467822
"}
object={
	name="rock_generator_1_3"
	clamp_to_water_level=no
	render_under_water=no
	generated_content=yes
	layer="rock_layer"
	pdxmesh="rock_M_mesh"
	count=15
	transform="551.757874 0.000000 3264.980469 0.000000 0.154124 0.000000 -0.988051 0.687722 0.687722 0.687722
533.318481 0.000000 3273.785400 0.000000 0.998924 0.000000 0.046383 0.493988 0.493988 0.493988
566.287903 0.000000 3265.954590 0.000000 0.502186 0.000000 0.864760 0.356817 0.356817 0.356817
4063.349854 0.000000 3122.635010 0.000000 0.976960 0.000000 0.213423 0.470790 0.470790 0.470790
4068.981689 0.000000 3119.206055 0.000000 0.966297 0.000000 -0.257430 0.533800 0.533800 0.533800
4066.982422 0.000000 3116.669678 0.000000 0.052283 0.000000 0.998632 0.296803 0.296803 0.296803
4050.521484 0.000000 3134.250488 0.000000 0.324956 0.000000 0.945729 0.333163 0.333163 0.333163
4031.934814 0.000000 3162.463623 0.000000 0.593285 0.000000 -0.804992 0.623804 0.623804 0.623804
4044.078369 0.000000 3136.427979 0.000000 0.774816 0.000000 0.632187 0.408933 0.408933 0.408933
4050.119873 0.000000 3137.251221 0.000000 0.999866 0.000000 0.016366 0.497720 0.497720 0.497720
3984.956299 0.000000 3205.483154 0.000000 0.790358 0.000000 -0.612646 0.592354 0.592354 0.592354
3972.717285 0.000000 3260.734131 0.000000 0.796262 0.000000 0.604952 0.415493 0.415493 0.415493
3928.578857 0.000000 3281.305176 0.000000 0.841083 0.000000 0.540906 0.423380 0.423380 0.423380
3935.660889 0.000000 3283.342285 0.000000 0.896066 0.000000 -0.443921 0.560977 0.560977 0.560977
3971.516846 0.000000 3268.120361 0.000000 0.797491 0.000000 0.603331 0.416242 0.416242 0.416242
"}
object={
	name="rock_generator_1_4"
	clamp_to_water_level=no
	render_under_water=no
	generated_content=yes
	layer="rock_layer"
	pdxmesh="rock_L_mesh"
	count=20
	transform="551.599426 0.000000 3262.788818 0.000000 0.971299 0.000000 0.237861 0.469122 0.469122 0.469122
515.532959 0.000000 3293.128662 0.000000 0.374798 0.000000 -0.927106 0.655528 0.655528 0.655528
531.852722 0.000000 3268.120361 0.000000 0.970982 0.000000 0.239152 0.469011 0.469011 0.469011
4016.721924 0.000000 3088.373535 0.000000 0.509284 0.000000 0.860599 0.364413 0.364413 0.364413
4017.280273 0.000000 3085.803223 0.000000 0.417148 0.000000 -0.908839 0.652330 0.652330 0.652330
4060.391602 0.000000 3120.539795 0.000000 0.996546 0.000000 0.083041 0.488979 0.488979 0.488979
4066.516602 0.000000 3121.051270 0.000000 0.026243 0.000000 -0.999656 0.705142 0.705142 0.705142
4062.982422 0.000000 3120.357666 0.000000 0.910073 0.000000 0.414449 0.441429 0.441429 0.441429
4028.178467 0.000000 3159.720703 0.000000 0.809932 0.000000 -0.586524 0.582149 0.582149 0.582149
4036.143555 0.000000 3160.755615 0.000000 0.830001 0.000000 0.557762 0.424073 0.424073 0.424073
4047.189941 0.000000 3135.834473 0.000000 0.999348 0.000000 -0.036114 0.504942 0.504942 0.504942
4048.100830 0.000000 3139.268555 0.000000 0.701249 0.000000 -0.712916 0.610363 0.610363 0.610363
4049.206787 0.000000 3135.308350 0.000000 0.223000 0.000000 0.974818 0.314857 0.314857 0.314857
3983.857666 0.000000 3201.124756 0.000000 0.906935 0.000000 0.421271 0.443765 0.443765 0.443765
3984.414795 0.000000 3211.013672 0.000000 0.952021 0.000000 0.306033 0.459856 0.459856 0.459856
3982.570557 0.000000 3205.861084 0.000000 0.962489 0.000000 0.271320 0.462889 0.462889 0.462889
3986.272217 0.000000 3203.060791 0.000000 0.585538 0.000000 -0.810645 0.630501 0.630501 0.630501
3932.148682 0.000000 3282.189941 0.000000 0.409642 0.000000 0.912246 0.348290 0.348290 0.348290
3929.873047 0.000000 3283.396240 0.000000 0.193077 0.000000 -0.981184 0.684884 0.684884 0.684884
3972.982666 0.000000 3273.785400 0.000000 0.869582 0.000000 0.493789 0.432311 0.432311 0.432311
"}
