object={
	name="tree_savanna_generator_1_0"
	clamp_to_water_level=no
	render_under_water=no
	generated_content=yes
	layer="tree_layer"
	pdxmesh="tree_acacia_01_mesh"
	count=28
	transform="2008.888550 0.000000 186.509277 0.000000 0.237545 0.000000 0.971376 0.581376 0.581376 0.581376
1995.388428 0.000000 221.878662 0.000000 0.518776 0.000000 -0.854910 0.791389 0.791389 0.791389
2003.050903 0.000000 262.993835 0.000000 0.201472 0.000000 -0.979494 0.821920 0.821920 0.821920
2033.590332 0.000000 307.912811 0.000000 0.284785 0.000000 0.958591 0.585738 0.585738 0.585738
2123.803223 0.000000 411.156342 0.000000 0.999397 0.000000 0.034729 0.696904 0.696904 0.696904
2104.598389 0.000000 427.693420 0.000000 0.360453 0.000000 -0.932777 0.807134 0.807134 0.807134
2102.754150 0.000000 422.540863 0.000000 0.801759 0.000000 -0.597647 0.757091 0.757091 0.757091
2141.730957 0.000000 472.213318 0.000000 0.992338 0.000000 -0.123553 0.711040 0.711040 0.711040
2156.327148 0.000000 505.403961 0.000000 0.094267 0.000000 -0.995547 0.831586 0.831586 0.831586
2155.372803 0.000000 509.808350 0.000000 0.420656 0.000000 -0.907220 0.801304 0.801304 0.801304
2239.229980 0.000000 575.788635 0.000000 0.114182 0.000000 0.993460 0.570199 0.570199 0.570199
2204.281006 0.000000 553.610840 0.000000 0.957485 0.000000 -0.288482 0.726082 0.726082 0.726082
2206.186523 0.000000 557.101868 0.000000 0.694182 0.000000 -0.719800 0.771615 0.771615 0.771615
2236.498779 0.000000 578.561157 0.000000 0.626748 0.000000 0.779222 0.620372 0.620372 0.620372
2257.605957 0.000000 574.285217 0.000000 0.988097 0.000000 0.153832 0.686235 0.686235 0.686235
2273.515869 0.000000 613.002319 0.000000 0.791871 0.000000 0.610688 0.641450 0.641450 0.641450
2358.241699 0.000000 597.209839 0.000000 0.713192 0.000000 0.700969 0.630770 0.630770 0.630770
2374.781250 0.000000 631.182861 0.000000 0.712464 0.000000 0.701708 0.630678 0.630678 0.630678
2384.013916 0.000000 641.749756 0.000000 0.227418 0.000000 0.973797 0.580448 0.580448 0.580448
2796.264648 0.000000 2105.013428 0.000000 0.880581 0.000000 0.473896 0.655997 0.655997 0.655997
2808.688232 0.000000 2097.594238 0.000000 0.992225 0.000000 -0.124458 0.711121 0.711121 0.711121
2799.932861 0.000000 2105.438721 0.000000 0.946000 0.000000 0.324167 0.670576 0.670576 0.670576
2799.768311 0.000000 2100.717041 0.000000 0.058416 0.000000 0.998292 0.565209 0.565209 0.565209
2833.532227 0.000000 2168.240723 0.000000 0.462110 0.000000 -0.886823 0.797186 0.797186 0.797186
2839.952637 0.000000 2160.945068 0.000000 0.987887 0.000000 0.155173 0.686114 0.686114 0.686114
3159.183105 0.000000 2850.708008 0.000000 0.728409 0.000000 -0.685143 0.767273 0.767273 0.767273
3201.348633 0.000000 2812.332764 0.000000 0.438468 0.000000 0.898747 0.600454 0.600454 0.600454
3219.922363 0.000000 2790.245605 0.000000 0.939459 0.000000 -0.342662 0.731172 0.731172 0.731172
"}
object={
	name="tree_savanna_generator_1_1"
	clamp_to_water_level=no
	render_under_water=no
	generated_content=yes
	layer="tree_layer"
	pdxmesh="tree_acacia_02_mesh"
	count=32
	transform="1961.710815 0.000000 118.843262 0.000000 0.075958 0.000000 0.997111 0.566776 0.566776 0.566776
1965.364136 0.000000 122.267715 0.000000 0.084107 0.000000 0.996457 0.567505 0.567505 0.567505
2008.014648 0.000000 184.648544 0.000000 0.603027 0.000000 0.797721 0.617691 0.617691 0.617691
1990.526611 0.000000 232.187820 0.000000 0.980498 0.000000 -0.196527 0.717631 0.717631 0.717631
2029.181030 0.000000 335.885712 0.000000 0.765416 0.000000 0.643536 0.637691 0.637691 0.637691
2021.387695 0.000000 329.867188 0.000000 0.356745 0.000000 -0.934202 0.807488 0.807488 0.807488
2096.909424 0.000000 369.037567 0.000000 0.686755 0.000000 -0.726889 0.772530 0.772530 0.772530
2099.124023 0.000000 420.256500 0.000000 0.400317 0.000000 0.916377 0.596708 0.596708 0.596708
2101.915283 0.000000 419.872040 0.000000 0.509668 0.000000 0.860371 0.607665 0.607665 0.607665
2165.202148 0.000000 497.005188 0.000000 0.135704 0.000000 0.990749 0.572132 0.572132 0.572132
2171.350098 0.000000 492.395081 0.000000 0.552229 0.000000 0.833693 0.612142 0.612142 0.612142
2169.466553 0.000000 486.299805 0.000000 0.505431 0.000000 0.862867 0.607227 0.607227 0.607227
2176.901611 0.000000 528.998474 0.000000 0.243425 0.000000 0.969920 0.581916 0.581916 0.581916
2239.123779 0.000000 582.820190 0.000000 0.635339 0.000000 -0.772233 0.778641 0.778641 0.778641
2259.108398 0.000000 580.217407 0.000000 0.399559 0.000000 -0.916708 0.803366 0.803366 0.803366
2260.654541 0.000000 577.303772 0.000000 0.080052 0.000000 0.996791 0.567142 0.567142 0.567142
2273.532959 0.000000 616.999756 0.000000 0.914061 0.000000 0.405576 0.662780 0.662780 0.662780
2313.529053 0.000000 616.999756 0.000000 0.933825 0.000000 -0.357731 0.732606 0.732606 0.732606
2328.241211 0.000000 606.453857 0.000000 0.597587 0.000000 -0.801804 0.782915 0.782915 0.782915
2368.237305 0.000000 606.453857 0.000000 0.644697 0.000000 0.764439 0.622445 0.622445 0.622445
2398.237793 0.000000 661.194214 0.000000 0.354415 0.000000 0.935088 0.592290 0.592290 0.592290
2395.055908 0.000000 689.955811 0.000000 0.015595 0.000000 -0.999878 0.838610 0.838610 0.838610
2774.993408 0.000000 2142.697510 0.000000 0.799775 0.000000 0.600300 0.642613 0.642613 0.642613
2839.928955 0.000000 2169.423096 0.000000 0.296186 0.000000 -0.955130 0.813200 0.813200 0.813200
2839.773682 0.000000 2167.253174 0.000000 0.909455 0.000000 0.415802 0.661780 0.661780 0.661780
3153.429932 0.000000 2852.455322 0.000000 0.763623 0.000000 0.645662 0.637443 0.637443 0.637443
3150.413330 0.000000 2855.547119 0.000000 0.239584 0.000000 -0.970876 0.818437 0.818437 0.818437
3158.370361 0.000000 2848.103760 0.000000 0.833811 0.000000 -0.552051 0.752123 0.752123 0.752123
3160.258301 0.000000 2853.440430 0.000000 0.995725 0.000000 -0.092364 0.708244 0.708244 0.708244
3162.682129 0.000000 2861.744629 0.000000 0.935359 0.000000 -0.353700 0.732221 0.732221 0.732221
3162.467285 0.000000 2858.970215 0.000000 0.860452 0.000000 -0.509531 0.747651 0.747651 0.747651
3200.972168 0.000000 2816.471436 0.000000 0.594299 0.000000 0.804244 0.616720 0.616720 0.616720
"}
object={
	name="tree_savanna_generator_1_2"
	clamp_to_water_level=no
	render_under_water=no
	generated_content=yes
	layer="tree_layer"
	pdxmesh="tree_acacia_03_mesh"
	count=33
	transform="2039.249512 0.000000 159.890198 0.000000 0.848326 0.000000 -0.529474 0.749731 0.749731 0.749731
2031.613403 0.000000 161.738251 0.000000 0.279212 0.000000 -0.960229 0.814779 0.814779 0.814779
2034.208252 0.000000 160.089737 0.000000 0.715380 0.000000 -0.698736 0.768951 0.768951 0.768951
1991.617310 0.000000 225.722626 0.000000 0.566461 0.000000 0.824089 0.613673 0.613673 0.613673
1990.460693 0.000000 228.553360 0.000000 0.590847 0.000000 -0.806784 0.783662 0.783662 0.783662
1995.228271 0.000000 225.478455 0.000000 0.626687 0.000000 -0.779271 0.779635 0.779635 0.779635
2000.371460 0.000000 262.073181 0.000000 0.787857 0.000000 -0.615858 0.759133 0.759133 0.759133
2029.181030 0.000000 303.893524 0.000000 0.617077 0.000000 0.786903 0.619271 0.619271 0.619271
2006.206055 0.000000 301.164368 0.000000 0.717748 0.000000 -0.696303 0.768648 0.768648 0.768648
2042.576660 0.000000 363.579681 0.000000 0.570348 0.000000 0.821403 0.614094 0.614094 0.614094
2126.811523 0.000000 411.295868 0.000000 0.999975 0.000000 0.007041 0.699372 0.699372 0.699372
2140.411377 0.000000 442.232117 0.000000 0.310560 0.000000 0.950554 0.588145 0.588145 0.588145
2143.931396 0.000000 479.730438 0.000000 0.124716 0.000000 -0.992192 0.828855 0.828855 0.828855
2173.158447 0.000000 490.465088 0.000000 0.700061 0.000000 0.714083 0.629116 0.629116 0.629116
2197.545410 0.000000 524.662537 0.000000 0.537604 0.000000 -0.843198 0.789412 0.789412 0.789412
2200.015137 0.000000 529.343445 0.000000 0.894208 0.000000 0.447652 0.658633 0.658633 0.658633
2262.738525 0.000000 582.501770 0.000000 0.905463 0.000000 -0.424425 0.739067 0.739067 0.739067
2315.063721 0.000000 593.979248 0.000000 0.280873 0.000000 -0.959745 0.814625 0.814625 0.814625
2264.025635 0.000000 609.757568 0.000000 0.750955 0.000000 -0.660353 0.764286 0.764286 0.764286
2352.098877 0.000000 635.080933 0.000000 0.977242 0.000000 -0.212127 0.719051 0.719051 0.719051
2398.745605 0.000000 700.297729 0.000000 0.613556 0.000000 0.789651 0.618873 0.618873 0.618873
2401.426758 0.000000 668.856201 0.000000 0.755233 0.000000 -0.655457 0.763707 0.763707 0.763707
2819.067139 0.000000 2100.988037 0.000000 0.466385 0.000000 0.884582 0.603244 0.603244 0.603244
2817.780029 0.000000 2103.918457 0.000000 0.789196 0.000000 -0.614141 0.758939 0.758939 0.758939
2806.804688 0.000000 2097.332764 0.000000 0.581125 0.000000 -0.813814 0.784732 0.784732 0.784732
2836.260742 0.000000 2168.997803 0.000000 0.341474 0.000000 -0.939891 0.808941 0.808941 0.808941
2832.052002 0.000000 2170.705811 0.000000 0.735908 0.000000 0.677082 0.633708 0.633708 0.633708
2835.524170 0.000000 2166.221436 0.000000 0.971045 0.000000 0.238898 0.678500 0.678500 0.678500
2838.622070 0.000000 2167.655762 0.000000 0.999982 0.000000 0.006007 0.699465 0.699465 0.699465
3161.352539 0.000000 2844.324951 0.000000 0.991720 0.000000 0.128415 0.688523 0.688523 0.688523
3154.736572 0.000000 2854.644287 0.000000 0.670753 0.000000 -0.741681 0.774472 0.774472 0.774472
3160.976074 0.000000 2848.463623 0.000000 0.535959 0.000000 -0.844244 0.789586 0.789586 0.789586
3199.720459 0.000000 2827.315674 0.000000 0.926423 0.000000 -0.376484 0.734403 0.734403 0.734403
"}
object={
	name="tree_savanna_generator_1_3"
	clamp_to_water_level=no
	render_under_water=no
	generated_content=yes
	layer="tree_layer"
	pdxmesh="tree_acacia_04_mesh"
	count=31
	transform="2008.227173 0.000000 117.856613 0.000000 0.708470 0.000000 0.705741 0.630172 0.630172 0.630172
2017.858154 0.000000 120.402779 0.000000 0.270435 0.000000 0.962738 0.584407 0.584407 0.584407
2032.716553 0.000000 310.033417 0.000000 0.270465 0.000000 -0.962730 0.815590 0.815590 0.815590
2033.119385 0.000000 304.446594 0.000000 0.943643 0.000000 -0.330964 0.730065 0.730065 0.730065
2052.904785 0.000000 349.445007 0.000000 0.984946 0.000000 -0.172860 0.715484 0.715484 0.715484
2113.548584 0.000000 425.046661 0.000000 0.999971 0.000000 -0.007642 0.700681 0.700681 0.700681
2147.715576 0.000000 446.404846 0.000000 0.973270 0.000000 -0.229664 0.720653 0.720653 0.720653
2184.080811 0.000000 535.582764 0.000000 0.923919 0.000000 -0.382587 0.734991 0.734991 0.734991
2216.001465 0.000000 538.837219 0.000000 0.896101 0.000000 -0.443850 0.740989 0.740989 0.740989
2216.897705 0.000000 560.990662 0.000000 0.322503 0.000000 0.946569 0.589267 0.589267 0.589267
2279.810303 0.000000 619.854736 0.000000 0.669026 0.000000 0.743239 0.625321 0.625321 0.625321
2330.025879 0.000000 604.146301 0.000000 0.439164 0.000000 0.898407 0.600523 0.600523 0.600523
2372.873535 0.000000 605.382507 0.000000 0.897011 0.000000 -0.442009 0.740806 0.740806 0.740806
2355.059814 0.000000 625.971436 0.000000 0.526781 0.000000 0.850001 0.609448 0.609448 0.609448
2377.822998 0.000000 632.277771 0.000000 0.522766 0.000000 -0.852476 0.790972 0.790972 0.790972
2416.878174 0.000000 720.951599 0.000000 0.780280 0.000000 -0.625430 0.760221 0.760221 0.760221
2419.936523 0.000000 717.248535 0.000000 0.999991 0.000000 -0.004274 0.700381 0.700381 0.700381
2419.106201 0.000000 725.324036 0.000000 0.973893 0.000000 0.227006 0.679590 0.679590 0.679590
2814.738281 0.000000 2102.823486 0.000000 0.049144 0.000000 -0.998792 0.835618 0.835618 0.835618
2804.776367 0.000000 2100.238770 0.000000 0.219343 0.000000 0.975648 0.579710 0.579710 0.579710
2806.839844 0.000000 2099.171875 0.000000 0.000659 0.000000 1.000000 0.560059 0.560059 0.560059
2772.834473 0.000000 2141.007568 0.000000 0.973806 0.000000 0.227379 0.679556 0.679556 0.679556
2777.440186 0.000000 2143.895508 0.000000 0.473668 0.000000 -0.880703 0.796020 0.796020 0.796020
3199.030029 0.000000 2822.273193 0.000000 0.382743 0.000000 -0.923855 0.804994 0.804994 0.804994
3156.408936 0.000000 2850.006592 0.000000 0.481245 0.000000 -0.876586 0.795252 0.795252 0.795252
3156.313965 0.000000 2853.118896 0.000000 0.899519 0.000000 0.436881 0.659703 0.659703 0.659703
3152.343018 0.000000 2854.412109 0.000000 0.269490 0.000000 0.963003 0.584319 0.584319 0.584319
3164.187256 0.000000 2857.048340 0.000000 0.748412 0.000000 0.663235 0.635371 0.635371 0.635371
3223.931885 0.000000 2785.226318 0.000000 0.921767 0.000000 0.387745 0.664511 0.664511 0.664511
3222.644775 0.000000 2789.962646 0.000000 0.744996 0.000000 0.667069 0.634914 0.634914 0.634914
3202.111816 0.000000 2819.158936 0.000000 0.422075 0.000000 -0.906561 0.801164 0.801164 0.801164
"}
object={
	name="tree_savanna_generator_1_4"
	clamp_to_water_level=no
	render_under_water=no
	generated_content=yes
	layer="tree_layer"
	pdxmesh="tree_acacia_05_mesh"
	count=30
	transform="1996.392334 0.000000 224.030457 0.000000 0.999347 0.000000 0.036121 0.696780 0.696780 0.696780
1971.935791 0.000000 263.810150 0.000000 0.679014 0.000000 0.734126 0.626526 0.626526 0.626526
2004.300537 0.000000 265.681152 0.000000 0.935802 0.000000 -0.352525 0.732110 0.732110 0.732110
2033.556396 0.000000 297.077911 0.000000 0.794957 0.000000 0.606666 0.641902 0.641902 0.641902
2006.800293 0.000000 298.141815 0.000000 0.788306 0.000000 0.615283 0.640932 0.640932 0.640932
2020.039429 0.000000 326.847198 0.000000 0.983172 0.000000 -0.182681 0.716374 0.716374 0.716374
2063.545166 0.000000 371.306976 0.000000 0.008722 0.000000 0.999962 0.560777 0.560777 0.560777
2066.289551 0.000000 378.677521 0.000000 0.894400 0.000000 -0.447269 0.741329 0.741329 0.741329
2095.840576 0.000000 372.053131 0.000000 0.560372 0.000000 -0.828241 0.786984 0.786984 0.786984
2111.824951 0.000000 427.572479 0.000000 0.591791 0.000000 0.806092 0.616442 0.616442 0.616442
2139.133545 0.000000 469.386566 0.000000 0.769132 0.000000 -0.639090 0.761793 0.761793 0.761793
2146.451904 0.000000 451.732788 0.000000 0.037181 0.000000 -0.999309 0.836685 0.836685 0.836685
2143.537354 0.000000 499.275726 0.000000 0.232054 0.000000 0.972703 0.580873 0.580873 0.580873
2168.211426 0.000000 501.762848 0.000000 0.560420 0.000000 -0.828209 0.786979 0.786979 0.786979
2169.773438 0.000000 526.473206 0.000000 0.345139 0.000000 0.938552 0.591407 0.591407 0.591407
2224.076904 0.000000 567.574951 0.000000 0.470253 0.000000 -0.882531 0.796365 0.796365 0.796365
2243.027344 0.000000 550.923523 0.000000 0.716553 0.000000 0.697533 0.631199 0.631199 0.631199
2277.537598 0.000000 620.639099 0.000000 0.065059 0.000000 0.997881 0.565803 0.565803 0.565803
2303.521729 0.000000 627.244446 0.000000 0.009363 0.000000 0.999956 0.560835 0.560835 0.560835
2355.059814 0.000000 593.979248 0.000000 0.792900 0.000000 0.609351 0.641600 0.641600 0.641600
2352.685303 0.000000 629.955322 0.000000 0.891082 0.000000 -0.453843 0.741985 0.741985 0.741985
2393.133545 0.000000 685.861328 0.000000 0.584459 0.000000 0.811423 0.615634 0.615634 0.615634
2403.775879 0.000000 667.093872 0.000000 0.807658 0.000000 -0.589651 0.756206 0.756206 0.756206
2809.982422 0.000000 2099.685303 0.000000 0.312579 0.000000 -0.949892 0.811666 0.811666 0.811666
2772.650391 0.000000 2143.961670 0.000000 0.359681 0.000000 -0.933075 0.807208 0.807208 0.807208
2841.383789 0.000000 2172.489014 0.000000 0.802480 0.000000 -0.596679 0.756984 0.756984 0.756984
2839.764404 0.000000 2164.701416 0.000000 0.878704 0.000000 0.477367 0.655645 0.655645 0.655645
3204.960693 0.000000 2820.230957 0.000000 0.978547 0.000000 0.206023 0.681505 0.681505 0.681505
3200.254395 0.000000 2821.448242 0.000000 0.656111 0.000000 -0.754665 0.776216 0.776216 0.776216
3201.047607 0.000000 2824.529785 0.000000 0.205441 0.000000 -0.978670 0.821558 0.821558 0.821558
"}
object={
	name="tree_savanna_generator_1_5"
	clamp_to_water_level=no
	render_under_water=no
	generated_content=yes
	layer="tree_layer"
	pdxmesh="tree_acacia_06_mesh"
	count=34
	transform="1990.057373 0.000000 118.324265 0.000000 0.953330 0.000000 0.301930 0.672663 0.672663 0.672663
2013.668823 0.000000 117.097160 0.000000 0.885655 0.000000 0.464343 0.656961 0.656961 0.656961
2032.716553 0.000000 150.072495 0.000000 0.861907 0.000000 0.507067 0.652604 0.652604 0.652604
2035.602417 0.000000 150.713745 0.000000 0.862383 0.000000 0.506256 0.652688 0.652688 0.652688
2034.718994 0.000000 155.483459 0.000000 0.255829 0.000000 0.966722 0.583058 0.583058 0.583058
1966.827148 0.000000 251.334930 0.000000 0.762157 0.000000 0.647392 0.637241 0.637241 0.637241
2031.637939 0.000000 306.523651 0.000000 0.724402 0.000000 -0.689377 0.767792 0.767792 0.767792
2035.864014 0.000000 303.041992 0.000000 0.604857 0.000000 0.796334 0.617896 0.617896 0.617896
2039.249512 0.000000 351.843323 0.000000 0.934537 0.000000 0.355866 0.667572 0.667572 0.667572
2057.854248 0.000000 344.348083 0.000000 0.683197 0.000000 -0.730234 0.772965 0.772965 0.772965
2039.833618 0.000000 363.917236 0.000000 0.832941 0.000000 0.553362 0.647736 0.647736 0.647736
2141.464600 0.000000 478.839233 0.000000 0.989214 0.000000 -0.146475 0.713102 0.713102 0.713102
2148.265625 0.000000 500.056580 0.000000 0.641171 0.000000 0.767398 0.622034 0.622034 0.622034
2199.818115 0.000000 523.878174 0.000000 0.999392 0.000000 -0.034861 0.703108 0.703108 0.703108
2209.769531 0.000000 558.465393 0.000000 0.989075 0.000000 -0.147414 0.713187 0.713187 0.713187
2237.541504 0.000000 588.646912 0.000000 0.911343 0.000000 0.411649 0.662187 0.662187 0.662187
2253.150635 0.000000 554.449463 0.000000 0.591352 0.000000 -0.806414 0.783606 0.783606 0.783606
2240.348145 0.000000 550.002869 0.000000 0.834789 0.000000 0.550570 0.648035 0.648035 0.648035
2241.065918 0.000000 577.018372 0.000000 0.798743 0.000000 -0.601672 0.757540 0.757540 0.757540
2294.789063 0.000000 599.190674 0.000000 0.079038 0.000000 -0.996872 0.832948 0.832948 0.832948
2304.896240 0.000000 623.486572 0.000000 0.792916 0.000000 -0.609332 0.758397 0.758397 0.758397
2363.779785 0.000000 603.109497 0.000000 0.804125 0.000000 0.594460 0.643262 0.643262 0.643262
2377.479248 0.000000 608.270569 0.000000 0.243352 0.000000 -0.969938 0.818091 0.818091 0.818091
2399.214355 0.000000 703.757385 0.000000 0.239007 0.000000 -0.971018 0.818490 0.818490 0.818490
2399.995605 0.000000 657.312195 0.000000 0.999574 0.000000 0.029200 0.697397 0.697397 0.697397
2406.784180 0.000000 667.233398 0.000000 0.185709 0.000000 0.982605 0.576648 0.576648 0.576648
2775.103516 0.000000 2144.584473 0.000000 0.886773 0.000000 0.462206 0.657176 0.657176 0.657176
2838.194824 0.000000 2164.826904 0.000000 0.913064 0.000000 0.407817 0.662561 0.662561 0.662561
2841.625000 0.000000 2166.343262 0.000000 0.137734 0.000000 -0.990469 0.827685 0.827685 0.827685
3199.136230 0.000000 2815.241699 0.000000 0.078951 0.000000 -0.996879 0.832956 0.832956 0.832956
3159.033936 0.000000 2854.265381 0.000000 0.950270 0.000000 -0.311427 0.728226 0.728226 0.728226
3221.270508 0.000000 2793.265625 0.000000 0.829061 0.000000 0.559158 0.647115 0.647115 0.647115
3204.183350 0.000000 2825.056152 0.000000 0.303685 0.000000 0.952773 0.587501 0.587501 0.587501
3202.933594 0.000000 2822.368896 0.000000 0.646890 0.000000 0.762583 0.622701 0.622701 0.622701
"}
object={
	name="tree_savanna_generator_1_6"
	clamp_to_water_level=no
	render_under_water=no
	generated_content=yes
	layer="tree_layer"
	pdxmesh="tree_baobab_01_mesh"
	count=23
	transform="1988.377808 0.000000 120.462891 0.000000 0.521708 0.000000 0.853124 0.608917 0.608917 0.608917
1968.018555 0.000000 120.664169 0.000000 0.521762 0.000000 0.853091 0.608923 0.608923 0.608923
2010.060669 0.000000 116.169579 0.000000 0.651865 0.000000 0.758335 0.623284 0.623284 0.623284
2031.454834 0.000000 159.546555 0.000000 0.853503 0.000000 -0.521088 0.748853 0.748853 0.748853
2034.827637 0.000000 299.649780 0.000000 0.806533 0.000000 0.591189 0.643624 0.643624 0.643624
2018.056763 0.000000 328.610291 0.000000 0.124435 0.000000 -0.992228 0.828881 0.828881 0.828881
2033.539185 0.000000 325.072601 0.000000 0.178176 0.000000 -0.983999 0.824034 0.824034 0.824034
2030.522705 0.000000 328.164368 0.000000 0.438617 0.000000 -0.898674 0.799531 0.799531 0.799531
2034.208252 0.000000 352.042877 0.000000 0.991653 0.000000 0.128937 0.688476 0.688476 0.688476
2124.853271 0.000000 408.435089 0.000000 0.367480 0.000000 0.930032 0.593538 0.593538 0.593538
2109.173096 0.000000 431.862274 0.000000 0.698939 0.000000 0.715181 0.628976 0.628976 0.628976
2141.464600 0.000000 446.847046 0.000000 0.994921 0.000000 -0.100657 0.708986 0.708986 0.708986
2141.911377 0.000000 469.736725 0.000000 0.987987 0.000000 -0.154539 0.713829 0.713829 0.713829
2223.529541 0.000000 563.260071 0.000000 0.964743 0.000000 -0.263193 0.723737 0.723737 0.723737
2225.286133 0.000000 573.223389 0.000000 0.222792 0.000000 -0.974866 0.819975 0.819975 0.819975
2239.814209 0.000000 587.862549 0.000000 0.917790 0.000000 0.397065 0.663608 0.663608 0.663608
2261.899658 0.000000 579.833008 0.000000 0.875784 0.000000 -0.482703 0.744897 0.744897 0.744897
2366.788086 0.000000 603.249023 0.000000 0.741741 0.000000 0.670686 0.634480 0.634480 0.634480
2816.839111 0.000000 2096.615723 0.000000 0.948368 0.000000 -0.317172 0.728765 0.728765 0.728765
2809.710938 0.000000 2094.090332 0.000000 0.774712 0.000000 0.632314 0.638989 0.638989 0.638989
2805.139648 0.000000 2096.614502 0.000000 0.738709 0.000000 0.674025 0.634078 0.634078 0.634078
3217.939697 0.000000 2792.008789 0.000000 0.948651 0.000000 -0.316324 0.728686 0.728686 0.728686
3221.805908 0.000000 2787.293945 0.000000 0.045343 0.000000 0.998971 0.564043 0.564043 0.564043
"}
object={
	name="tree_savanna_generator_1_7"
	clamp_to_water_level=no
	render_under_water=no
	generated_content=yes
	layer="tree_layer"
	pdxmesh="tree_baobab_02_mesh"
	count=3
	transform="2309.074463 0.000000 619.020813 0.000000 0.744206 0.000000 0.667950 0.634808 0.634808 0.634808
2395.828857 0.000000 686.948242 0.000000 0.272504 0.000000 0.962155 0.584598 0.584598 0.584598
2832.638428 0.000000 2165.580322 0.000000 0.993859 0.000000 -0.110653 0.709882 0.709882 0.709882
"}
object={
	name="tree_savanna_generator_1_8"
	clamp_to_water_level=no
	render_under_water=no
	generated_content=yes
	layer="tree_layer"
	pdxmesh="tree_baobab_03_mesh"
	count=21
	transform="1960.014893 0.000000 121.923111 0.000000 0.474242 0.000000 -0.880395 0.795962 0.795962 0.795962
1962.347046 0.000000 121.236862 0.000000 0.486997 0.000000 0.873404 0.605334 0.605334 0.605334
1966.569214 0.000000 125.408638 0.000000 0.328213 0.000000 0.944604 0.589805 0.589805 0.589805
1961.469604 0.000000 252.957764 0.000000 0.212665 0.000000 -0.977125 0.820900 0.820900 0.820900
1991.617310 0.000000 257.714813 0.000000 0.528012 0.000000 -0.849237 0.790423 0.790423 0.790423
2121.454102 0.000000 412.918701 0.000000 0.920703 0.000000 -0.390264 0.735733 0.735733 0.735733
2134.804688 0.000000 471.221924 0.000000 0.215680 0.000000 -0.976464 0.820625 0.820625 0.820625
2144.037354 0.000000 481.788818 0.000000 0.925181 0.000000 0.379526 0.665304 0.665304 0.665304
2167.321777 0.000000 495.473480 0.000000 0.384740 0.000000 0.923025 0.595199 0.595199 0.595199
2224.029541 0.000000 545.773193 0.000000 0.666778 0.000000 0.745256 0.625052 0.625052 0.625052
2240.011230 0.000000 593.327820 0.000000 0.974386 0.000000 -0.224883 0.720216 0.720216 0.720216
2257.490967 0.000000 576.278381 0.000000 0.380791 0.000000 0.924661 0.594817 0.594817 0.594817
2267.740479 0.000000 608.489563 0.000000 1.000000 0.000000 0.000215 0.699981 0.699981 0.699981
2385.270508 0.000000 637.207764 0.000000 1.000000 0.000000 0.000831 0.699926 0.699926 0.699926
2387.728760 0.000000 640.481750 0.000000 0.920468 0.000000 -0.390817 0.735786 0.735786 0.735786
2404.612061 0.000000 670.573669 0.000000 0.625051 0.000000 0.780584 0.620178 0.620178 0.620178
2801.866455 0.000000 2099.359619 0.000000 0.941374 0.000000 -0.337366 0.730670 0.730670 0.730670
2838.702637 0.000000 2171.938477 0.000000 0.843678 0.000000 -0.536849 0.750508 0.750508 0.750508
3159.140137 0.000000 2847.233887 0.000000 0.373555 0.000000 -0.927608 0.805879 0.805879 0.805879
3153.447021 0.000000 2856.452881 0.000000 0.484532 0.000000 0.874774 0.605083 0.605083 0.605083
3160.029053 0.000000 2850.503418 0.000000 0.273971 0.000000 0.961738 0.584734 0.584734 0.584734
"}
