object={
	name="seagulls"
	clamp_to_water_level=yes
	render_under_water=no
	generated_content=no
	layer="monument_layer"
	entity="seagull_port_entity"
	count=558
	transform="641.061523 0.000000 3043.647705 -0.000000 -0.329986 -0.000000 0.943986 1.000000 1.000000 1.000000
606.926758 0.000000 3000.065674 -0.000000 0.958806 -0.000000 0.284062 1.000000 1.000000 1.000000
664.000000 0.000000 3049.000000 -0.000000 -0.000000 -0.000000 1.000000 1.000000 1.000000 1.000000
592.485474 0.000000 3049.055664 -0.000000 0.432220 -0.000000 0.901768 1.000000 1.000000 1.000000
567.000000 0.000000 3083.000000 -0.000000 0.350182 -0.000000 0.936682 1.000000 1.000000 1.000000
535.270325 0.000000 3082.613281 -0.000000 -0.165480 -0.000000 0.986213 1.000000 1.000000 1.000000
526.707703 0.000000 3053.216064 -0.000000 -0.880100 -0.000000 0.474788 1.000000 1.000000 1.000000
841.619385 0.000000 2776.158447 -0.000000 -0.000000 -0.000000 1.000000 1.000000 1.000000 1.000000
469.000000 0.000000 3104.000000 -0.000000 0.640239 -0.000000 0.768176 1.000000 1.000000 1.000000
486.265961 0.000000 3152.154785 -0.000000 0.304079 -0.000000 0.952647 1.000000 1.000000 1.000000
487.537079 0.000000 3073.636963 -0.000000 -0.000000 -0.000000 1.000000 1.000000 1.000000 1.000000
681.518799 0.000000 3034.349854 -0.000000 0.759151 -0.000000 0.650915 1.000000 1.000000 1.000000
719.015198 0.000000 2993.714844 -0.000000 0.172368 -0.000000 0.985033 1.000000 1.000000 1.000000
5527.953125 0.000000 1102.936646 0.000000 0.574305 0.000000 0.818641 1.000000 1.000000 1.000000
725.061462 0.000000 2942.959961 -0.000000 -0.423116 -0.000000 0.906075 1.000000 1.000000 1.000000
710.307434 0.000000 2964.096680 -0.000000 -0.939045 -0.000000 0.343795 1.000000 1.000000 1.000000
718.779907 0.000000 3033.307861 0.000000 -0.650826 0.000000 0.759227 1.000000 1.000000 1.000000
698.018250 0.000000 3103.234619 0.000000 -0.889219 0.000000 0.457483 1.000000 1.000000 1.000000
5409.678711 0.000000 1150.035889 0.000000 -0.858600 0.000000 0.512647 1.000000 1.000000 1.000000
377.000000 0.000000 3431.000000 -0.000000 -0.000000 -0.000000 1.000000 1.000000 1.000000 1.000000
449.000000 0.000000 3187.000000 -0.000000 0.123872 -0.000000 0.992298 1.000000 1.000000 1.000000
418.128326 0.000000 3215.278809 -0.000000 0.611808 -0.000000 0.791006 1.000000 1.000000 1.000000
395.258972 0.000000 3239.572998 -0.000000 0.995360 -0.000000 0.096217 1.000000 1.000000 1.000000
426.000000 0.000000 3264.000000 -0.000000 0.850914 -0.000000 0.525305 1.000000 1.000000 1.000000
469.108612 0.000000 3278.159912 -0.000000 0.996317 -0.000000 -0.085741 1.000000 1.000000 1.000000
5920.338379 0.000000 980.282593 0.000000 -0.528026 0.000000 0.849228 1.000000 1.000000 1.000000
512.618530 0.000000 3309.095459 0.000000 -0.933907 0.000000 -0.357518 1.000000 1.000000 1.000000
549.692749 0.000000 3300.142334 -0.000000 0.948195 -0.000000 -0.317690 1.000000 1.000000 1.000000
577.775391 0.000000 3285.640869 -0.000000 -0.985885 -0.000000 0.167424 1.000000 1.000000 1.000000
609.624512 0.000000 3276.273193 -0.000000 0.992698 -0.000000 -0.120628 1.000000 1.000000 1.000000
671.463318 0.000000 3254.010254 -0.000000 -0.954549 -0.000000 0.298054 1.000000 1.000000 1.000000
666.292908 0.000000 3176.898926 -0.000000 -0.548976 -0.000000 0.835838 1.000000 1.000000 1.000000
5385.330078 0.000000 1200.767944 0.000000 -0.678731 0.000000 0.734387 1.000000 1.000000 1.000000
673.157349 0.000000 3181.642578 -0.000000 -0.150352 -0.000000 0.988633 1.000000 1.000000 1.000000
682.322449 0.000000 3176.484131 -0.000000 0.344945 -0.000000 0.938623 1.000000 1.000000 1.000000
718.153503 0.000000 3165.136963 -0.000000 -0.000000 -0.000000 1.000000 1.000000 1.000000 1.000000
736.434021 0.000000 3136.556641 0.000000 0.619585 0.000000 0.784930 1.000000 1.000000 1.000000
757.731079 0.000000 3148.080811 -0.000000 -0.439334 -0.000000 0.898324 1.000000 1.000000 1.000000
786.499756 0.000000 3169.106445 -0.000000 -0.862710 -0.000000 0.505700 1.000000 1.000000 1.000000
739.083862 0.000000 3210.021484 -0.000000 -0.551887 -0.000000 0.833919 1.000000 1.000000 1.000000
705.100220 0.000000 3243.064453 -0.000000 0.988880 -0.000000 0.148719 1.000000 1.000000 1.000000
742.343994 0.000000 3266.227295 -0.000000 0.988072 -0.000000 0.153990 1.000000 1.000000 1.000000
2142.915527 0.000000 1773.763184 -0.000000 0.771985 -0.000000 0.635641 1.000000 1.000000 1.000000
769.000000 0.000000 3250.000000 -0.000000 -0.000000 -0.000000 1.000000 1.000000 1.000000 1.000000
797.101135 0.000000 3241.880371 -0.000000 0.767402 -0.000000 0.641167 1.000000 1.000000 1.000000
815.256958 0.000000 3259.555908 -0.000000 0.345246 -0.000000 0.938512 1.000000 1.000000 1.000000
836.966492 0.000000 3238.771973 -0.000000 0.176470 -0.000000 0.984306 1.000000 1.000000 1.000000
857.282837 0.000000 3222.270752 -0.000000 -0.476034 -0.000000 0.879427 1.000000 1.000000 1.000000
897.490234 0.000000 3198.253906 -0.000000 -0.449381 -0.000000 0.893340 1.000000 1.000000 1.000000
888.424500 0.000000 3232.191162 -0.000000 -0.786415 -0.000000 0.617699 1.000000 1.000000 1.000000
884.380554 0.000000 3269.169678 0.000000 -0.716693 0.000000 0.697389 1.000000 1.000000 1.000000
879.914795 0.000000 3299.735107 -0.000000 -0.974979 -0.000000 0.222297 1.000000 1.000000 1.000000
702.431580 0.000000 3291.343750 0.000000 -0.668797 0.000000 0.743445 1.000000 1.000000 1.000000
736.312195 0.000000 3360.694336 -0.000000 0.983216 -0.000000 0.182447 1.000000 1.000000 1.000000
763.817322 0.000000 3350.076416 -0.000000 0.979901 -0.000000 -0.199486 1.000000 1.000000 1.000000
2145.470947 0.000000 1821.068970 -0.000000 0.706612 -0.000000 0.707602 1.000000 1.000000 1.000000
810.890991 0.000000 3343.366211 0.000000 0.984538 0.000000 -0.175174 1.000000 1.000000 1.000000
833.790344 0.000000 3312.075684 -0.000000 -0.955775 -0.000000 0.294097 1.000000 1.000000 1.000000
723.114929 0.000000 3377.108398 -0.000000 -0.933927 -0.000000 0.357463 1.000000 1.000000 1.000000
758.968628 0.000000 3389.936035 -0.000000 0.074858 -0.000000 0.997194 1.000000 1.000000 1.000000
791.625183 0.000000 3401.196533 -0.000000 0.934569 -0.000000 -0.355782 1.000000 1.000000 1.000000
669.829590 0.000000 3391.317627 -0.000000 -0.976981 -0.000000 0.213325 1.000000 1.000000 1.000000
643.540710 0.000000 3397.679688 -0.000000 -0.962164 -0.000000 0.272469 1.000000 1.000000 1.000000
641.815552 0.000000 3408.455322 -0.000000 -0.289190 -0.000000 0.957272 1.000000 1.000000 1.000000
798.639648 0.000000 3361.813477 -0.000000 0.604981 -0.000000 0.796240 1.000000 1.000000 1.000000
653.363953 0.000000 3318.732178 -0.000000 -0.472501 -0.000000 0.881330 1.000000 1.000000 1.000000
610.889648 0.000000 3328.376709 -0.000000 -0.541993 -0.000000 0.840383 1.000000 1.000000 1.000000
693.884460 0.000000 3396.243896 -0.000000 -0.000000 -0.000000 1.000000 1.000000 1.000000 1.000000
583.925476 0.000000 3315.966309 -0.000000 -0.000000 -0.000000 1.000000 1.000000 1.000000 1.000000
910.353333 0.000000 3356.987793 -0.000000 -0.737824 -0.000000 0.674993 1.000000 1.000000 1.000000
823.527466 0.000000 3340.636230 -0.000000 0.743535 -0.000000 0.668697 1.000000 1.000000 1.000000
538.000000 0.000000 3323.000000 -0.000000 -0.000000 -0.000000 1.000000 1.000000 1.000000 1.000000
503.173126 0.000000 3318.269043 -0.000000 -0.469594 -0.000000 0.882883 1.000000 1.000000 1.000000
451.743530 0.000000 3314.235596 -0.000000 0.453986 -0.000000 0.891009 1.000000 1.000000 1.000000
867.910034 0.000000 3326.472656 -0.000000 0.079206 -0.000000 0.996858 1.000000 1.000000 1.000000
860.477112 0.000000 2825.763428 -0.000000 0.991311 -0.000000 -0.131542 1.000000 1.000000 1.000000
749.709961 0.000000 3426.697021 -0.000000 0.994022 -0.000000 0.109175 1.000000 1.000000 1.000000
389.163177 0.000000 3322.667725 -0.000000 0.404573 -0.000000 0.914506 1.000000 1.000000 1.000000
943.068481 0.000000 3262.722168 -0.000000 0.581366 -0.000000 0.813642 1.000000 1.000000 1.000000
959.487793 0.000000 3281.742432 -0.000000 0.998183 -0.000000 -0.060248 1.000000 1.000000 1.000000
905.071777 0.000000 3307.471436 -0.000000 0.368983 -0.000000 0.929436 1.000000 1.000000 1.000000
363.518188 0.000000 3368.955811 -0.000000 -0.000000 -0.000000 1.000000 1.000000 1.000000 1.000000
352.000000 0.000000 3439.000000 -0.000000 -0.000000 -0.000000 1.000000 1.000000 1.000000 1.000000
242.000000 0.000000 3505.000000 -0.000000 0.806806 -0.000000 0.590816 1.000000 1.000000 1.000000
247.969620 0.000000 3481.603027 -0.000000 0.676080 -0.000000 0.736828 1.000000 1.000000 1.000000
382.449646 0.000000 3402.120117 0.000000 -0.999994 0.000000 -0.003506 1.000000 1.000000 1.000000
958.920532 0.000000 3254.506104 -0.000000 -0.353289 -0.000000 0.935514 1.000000 1.000000 1.000000
333.047943 0.000000 3402.356201 -0.000000 0.761279 -0.000000 0.648424 1.000000 1.000000 1.000000
302.859283 0.000000 3389.653320 -0.000000 0.948178 -0.000000 0.317740 1.000000 1.000000 1.000000
857.683228 0.000000 3372.097168 -0.000000 -0.991080 -0.000000 0.133265 1.000000 1.000000 1.000000
306.226837 0.000000 3299.299316 -0.000000 0.999965 -0.000000 -0.008355 1.000000 1.000000 1.000000
307.107788 0.000000 3355.404541 -0.000000 -0.577368 -0.000000 0.816484 1.000000 1.000000 1.000000
271.795868 0.000000 3288.648682 -0.000000 -0.735867 -0.000000 0.677126 1.000000 1.000000 1.000000
285.550964 0.000000 3279.860840 -0.000000 0.925461 -0.000000 0.378843 1.000000 1.000000 1.000000
318.075317 0.000000 3236.614746 -0.000000 -0.899935 -0.000000 0.436023 1.000000 1.000000 1.000000
345.838104 0.000000 3220.787354 -0.000000 0.995495 -0.000000 -0.094810 1.000000 1.000000 1.000000
881.764893 0.000000 2773.629639 -0.000000 -0.000000 -0.000000 1.000000 1.000000 1.000000 1.000000
5474.310547 0.000000 1044.273682 0.000000 -0.774385 0.000000 0.632715 1.000000 1.000000 1.000000
690.054016 0.000000 3451.602295 0.000000 0.999910 0.000000 0.013438 1.000000 1.000000 1.000000
691.053406 0.000000 3412.648682 -0.000000 -0.000000 -0.000000 1.000000 1.000000 1.000000 1.000000
684.679260 0.000000 3468.544678 -0.000000 -0.634454 -0.000000 0.772961 1.000000 1.000000 1.000000
703.101685 0.000000 3487.046143 -0.000000 -0.067834 -0.000000 0.997697 1.000000 1.000000 1.000000
739.846252 0.000000 3476.353271 -0.000000 0.229741 -0.000000 0.973252 1.000000 1.000000 1.000000
772.795471 0.000000 3461.467529 -0.000000 -0.922812 -0.000000 0.385252 1.000000 1.000000 1.000000
825.800354 0.000000 2822.447266 -0.000000 0.940678 -0.000000 -0.339300 1.000000 1.000000 1.000000
690.159973 0.000000 3552.385986 -0.000000 -0.783622 -0.000000 0.621238 1.000000 1.000000 1.000000
657.163696 0.000000 3594.029053 -0.000000 0.963667 -0.000000 -0.267107 1.000000 1.000000 1.000000
796.843628 0.000000 3213.933105 -0.000000 0.990017 -0.000000 0.140951 1.000000 1.000000 1.000000
1772.641479 0.000000 3019.483398 -0.000000 0.623624 -0.000000 0.781724 1.000000 1.000000 1.000000
507.611969 0.000000 3048.226807 -0.000000 -0.000000 -0.000000 1.000000 1.000000 1.000000 1.000000
988.409668 0.000000 3258.553955 -0.000000 -0.659082 -0.000000 0.752071 1.000000 1.000000 1.000000
1022.063477 0.000000 3227.905518 -0.000000 0.298277 -0.000000 0.954479 1.000000 1.000000 1.000000
1041.745361 0.000000 3235.863281 -0.000000 0.999564 -0.000000 -0.029511 1.000000 1.000000 1.000000
1053.530151 0.000000 3215.191650 -0.000000 -0.844524 -0.000000 0.535517 1.000000 1.000000 1.000000
1072.559326 0.000000 3193.874756 -0.000000 -0.949345 -0.000000 0.314236 1.000000 1.000000 1.000000
1090.575806 0.000000 3173.052002 -0.000000 -0.000000 -0.000000 1.000000 1.000000 1.000000 1.000000
1115.582031 0.000000 3158.853027 -0.000000 0.847801 -0.000000 0.530314 1.000000 1.000000 1.000000
1041.970947 0.000000 3159.000000 -0.000000 0.857918 -0.000000 0.513786 1.000000 1.000000 1.000000
955.175720 0.000000 3151.356201 -0.000000 0.354502 -0.000000 0.935055 1.000000 1.000000 1.000000
936.075012 0.000000 3180.018555 -0.000000 0.695530 -0.000000 0.718497 1.000000 1.000000 1.000000
976.497498 0.000000 3103.498291 -0.000000 -0.408706 -0.000000 0.912666 1.000000 1.000000 1.000000
1014.718262 0.000000 3079.938721 -0.000000 -0.918028 -0.000000 0.396515 1.000000 1.000000 1.000000
981.621155 0.000000 3036.208008 -0.000000 -0.828300 -0.000000 0.560285 1.000000 1.000000 1.000000
966.307739 0.000000 3028.656494 -0.000000 0.892927 -0.000000 0.450201 1.000000 1.000000 1.000000
1097.812378 0.000000 3078.504639 -0.000000 -0.316036 -0.000000 0.948747 1.000000 1.000000 1.000000
1090.220947 0.000000 3103.764893 -0.000000 0.969627 -0.000000 0.244590 1.000000 1.000000 1.000000
1128.891479 0.000000 3102.006592 -0.000000 0.939780 -0.000000 0.341781 1.000000 1.000000 1.000000
1126.116943 0.000000 3092.388672 -0.000000 0.629772 -0.000000 0.776780 1.000000 1.000000 1.000000
1108.780273 0.000000 3044.128662 -0.000000 0.969384 -0.000000 0.245551 1.000000 1.000000 1.000000
1125.824585 0.000000 2961.166016 -0.000000 0.179308 -0.000000 0.983793 1.000000 1.000000 1.000000
1133.533936 0.000000 2977.099609 -0.000000 0.940378 -0.000000 0.340131 1.000000 1.000000 1.000000
1212.203979 0.000000 3058.131836 -0.000000 0.971937 -0.000000 0.235243 1.000000 1.000000 1.000000
1044.208496 0.000000 3020.601074 -0.000000 0.996903 -0.000000 -0.078643 1.000000 1.000000 1.000000
794.828003 0.000000 3449.462158 -0.000000 -0.379468 -0.000000 0.925205 1.000000 1.000000 1.000000
839.925598 0.000000 3447.032471 -0.000000 -0.977649 -0.000000 0.210245 1.000000 1.000000 1.000000
978.000000 0.000000 3399.000000 -0.000000 -0.000000 -0.000000 1.000000 1.000000 1.000000 1.000000
920.621521 0.000000 2815.055420 -0.000000 0.985992 -0.000000 0.166792 1.000000 1.000000 1.000000
945.071167 0.000000 2796.972656 -0.000000 -0.993505 -0.000000 -0.113786 1.000000 1.000000 1.000000
961.602722 0.000000 2762.947266 -0.000000 0.162650 -0.000000 0.986684 1.000000 1.000000 1.000000
976.348877 0.000000 2798.602783 -0.000000 0.995216 -0.000000 -0.097703 1.000000 1.000000 1.000000
1026.732910 0.000000 2804.948242 -0.000000 0.998031 -0.000000 -0.062723 1.000000 1.000000 1.000000
891.376160 0.000000 2824.728760 -0.000000 0.970158 -0.000000 0.242473 1.000000 1.000000 1.000000
1069.635376 0.000000 2795.954346 -0.000000 0.937975 -0.000000 -0.346703 1.000000 1.000000 1.000000
1093.554932 0.000000 2792.599365 -0.000000 0.968483 -0.000000 -0.249079 1.000000 1.000000 1.000000
1146.362793 0.000000 2786.293213 -0.000000 0.991607 -0.000000 0.129287 1.000000 1.000000 1.000000
1179.536133 0.000000 2793.963867 -0.000000 -0.999667 -0.000000 -0.025789 1.000000 1.000000 1.000000
1296.031860 0.000000 3002.061768 -0.000000 -0.439286 -0.000000 0.898347 1.000000 1.000000 1.000000
1193.552124 0.000000 2756.508789 -0.000000 0.959242 -0.000000 -0.282585 1.000000 1.000000 1.000000
1198.098022 0.000000 2734.721191 -0.000000 -0.000000 -0.000000 1.000000 1.000000 1.000000 1.000000
1220.521240 0.000000 2766.584717 -0.000000 0.999788 -0.000000 -0.020587 1.000000 1.000000 1.000000
1255.505005 0.000000 2771.481201 -0.000000 0.948519 -0.000000 -0.316721 1.000000 1.000000 1.000000
1234.478760 0.000000 2739.325439 -0.000000 0.311327 -0.000000 0.950303 1.000000 1.000000 1.000000
1279.774658 0.000000 2751.765625 -0.000000 -0.424837 -0.000000 0.905270 1.000000 1.000000 1.000000
2080.912109 0.000000 1652.624268 -0.000000 0.379637 -0.000000 0.925135 1.000000 1.000000 1.000000
1278.511841 0.000000 2770.984863 -0.000000 -0.693648 -0.000000 0.720315 1.000000 1.000000 1.000000
1164.824463 0.000000 2735.706543 -0.000000 -0.000000 -0.000000 1.000000 1.000000 1.000000 1.000000
1110.772583 0.000000 2730.328613 -0.000000 -0.000000 -0.000000 1.000000 1.000000 1.000000 1.000000
1017.121094 0.000000 2743.713379 -0.000000 0.589944 -0.000000 0.807444 1.000000 1.000000 1.000000
1007.000000 0.000000 2753.000000 -0.000000 -0.000000 -0.000000 1.000000 1.000000 1.000000 1.000000
1056.710083 0.000000 2722.303711 -0.000000 -0.000000 -0.000000 1.000000 1.000000 1.000000 1.000000
1391.158203 0.000000 2795.906006 -0.000000 -0.132906 -0.000000 0.991129 1.000000 1.000000 1.000000
1434.251221 0.000000 2809.579346 -0.000000 -0.631832 -0.000000 0.775106 1.000000 1.000000 1.000000
1418.906738 0.000000 2841.782471 -0.000000 0.801916 -0.000000 0.597436 1.000000 1.000000 1.000000
2073.849121 0.000000 1606.293457 -0.000000 0.658353 -0.000000 0.752710 1.000000 1.000000 1.000000
1550.038696 0.000000 2892.227783 -0.000000 -0.159382 -0.000000 0.987217 1.000000 1.000000 1.000000
1536.411011 0.000000 2922.124756 -0.000000 0.501960 -0.000000 0.864891 1.000000 1.000000 1.000000
1547.585815 0.000000 2956.465576 -0.000000 0.986818 -0.000000 0.161833 1.000000 1.000000 1.000000
1567.947021 0.000000 2968.748779 -0.000000 0.992164 -0.000000 0.124943 1.000000 1.000000 1.000000
2058.564941 0.000000 1541.003540 -0.000000 -0.073176 -0.000000 0.997319 1.000000 1.000000 1.000000
1600.945068 0.000000 2981.944336 -0.000000 0.958678 -0.000000 0.284494 1.000000 1.000000 1.000000
1621.071045 0.000000 2979.750244 -0.000000 -0.464845 -0.000000 0.885392 1.000000 1.000000 1.000000
1595.051270 0.000000 2920.816895 -0.000000 -0.778270 -0.000000 0.627929 1.000000 1.000000 1.000000
1570.261230 0.000000 2913.139404 -0.000000 -0.301552 -0.000000 0.953450 1.000000 1.000000 1.000000
1504.000000 0.000000 2944.000000 -0.000000 -0.000000 -0.000000 1.000000 1.000000 1.000000 1.000000
1465.000000 0.000000 2979.000000 -0.000000 -0.000000 -0.000000 1.000000 1.000000 1.000000 1.000000
1426.961670 0.000000 3013.962158 -0.000000 0.814008 -0.000000 0.580854 1.000000 1.000000 1.000000
1409.909668 0.000000 3037.481934 -0.000000 -0.000000 -0.000000 1.000000 1.000000 1.000000 1.000000
1424.000000 0.000000 3057.000000 -0.000000 -0.991187 -0.000000 -0.132472 1.000000 1.000000 1.000000
1459.641968 0.000000 3062.418213 -0.000000 -0.957480 -0.000000 0.288499 1.000000 1.000000 1.000000
703.474365 0.000000 3702.843994 -0.000000 0.601799 -0.000000 0.798647 1.000000 1.000000 1.000000
1393.497314 0.000000 3075.543701 -0.000000 0.900065 -0.000000 0.435756 1.000000 1.000000 1.000000
1331.135742 0.000000 3136.969238 -0.000000 -0.535585 -0.000000 0.844481 1.000000 1.000000 1.000000
1287.781494 0.000000 3198.956787 -0.000000 0.998748 -0.000000 -0.050032 1.000000 1.000000 1.000000
765.793640 0.000000 2888.347168 -0.000000 0.999914 -0.000000 0.013140 1.000000 1.000000 1.000000
1250.000000 0.000000 3191.000000 -0.000000 0.998163 -0.000000 0.060582 1.000000 1.000000 1.000000
1356.613037 0.000000 3220.435547 -0.000000 0.971127 -0.000000 0.238563 1.000000 1.000000 1.000000
1359.000000 0.000000 3201.000000 -0.000000 0.213806 -0.000000 0.976876 1.000000 1.000000 1.000000
1395.000000 0.000000 3199.000000 -0.000000 -0.208586 -0.000000 0.978004 1.000000 1.000000 1.000000
1231.585571 0.000000 3318.114502 -0.000000 0.570101 -0.000000 0.821575 1.000000 1.000000 1.000000
2410.060547 0.000000 1181.426392 -0.000000 0.364824 -0.000000 0.931076 1.000000 1.000000 1.000000
1255.182617 0.000000 3303.643066 -0.000000 -0.291059 -0.000000 0.956705 1.000000 1.000000 1.000000
1256.885376 0.000000 3335.338379 -0.000000 -0.833239 -0.000000 0.552913 1.000000 1.000000 1.000000
1378.626953 0.000000 3524.346191 -0.000000 -0.047132 -0.000000 0.998889 1.000000 1.000000 1.000000
2431.955078 0.000000 926.892944 -0.000000 0.800044 -0.000000 0.599942 1.000000 1.000000 1.000000
1206.016724 0.000000 3344.710938 -0.000000 0.388907 -0.000000 0.921277 1.000000 1.000000 1.000000
1157.000000 0.000000 3350.000000 -0.000000 -0.000000 -0.000000 1.000000 1.000000 1.000000 1.000000
1336.000000 0.000000 3520.000000 -0.000000 -0.131303 -0.000000 0.991342 1.000000 1.000000 1.000000
1292.611694 0.000000 3311.605713 -0.000000 0.950173 -0.000000 -0.311723 1.000000 1.000000 1.000000
1332.502319 0.000000 3276.698486 -0.000000 -0.000000 -0.000000 1.000000 1.000000 1.000000 1.000000
1820.806519 0.000000 2952.040283 -0.000000 -0.148512 -0.000000 0.988911 1.000000 1.000000 1.000000
1337.233276 0.000000 3334.383789 -0.000000 -0.297767 -0.000000 0.954638 1.000000 1.000000 1.000000
1307.881836 0.000000 3372.477783 -0.000000 0.985547 -0.000000 0.169402 1.000000 1.000000 1.000000
1325.517090 0.000000 3639.023926 -0.000000 0.857746 -0.000000 0.514074 1.000000 1.000000 1.000000
1313.959106 0.000000 3333.175537 -0.000000 0.365918 -0.000000 0.930647 1.000000 1.000000 1.000000
1292.000000 0.000000 3510.000000 -0.000000 -0.061073 -0.000000 0.998133 1.000000 1.000000 1.000000
1354.830200 0.000000 3308.777344 -0.000000 0.889794 -0.000000 0.456363 1.000000 1.000000 1.000000
1397.815430 0.000000 3321.821289 -0.000000 0.953405 -0.000000 0.301693 1.000000 1.000000 1.000000
1367.226685 0.000000 3288.031006 -0.000000 0.558739 -0.000000 0.829343 1.000000 1.000000 1.000000
1399.000000 0.000000 3267.000000 -0.000000 -0.000000 -0.000000 1.000000 1.000000 1.000000 1.000000
1434.036865 0.000000 3329.992920 -0.000000 0.778002 -0.000000 0.628262 1.000000 1.000000 1.000000
2381.420166 0.000000 1049.447998 -0.000000 -0.050516 -0.000000 0.998723 1.000000 1.000000 1.000000
2360.815186 0.000000 1092.166626 -0.000000 0.674145 -0.000000 0.738598 1.000000 1.000000 1.000000
2391.117676 0.000000 1130.626709 -0.000000 0.629357 -0.000000 0.777117 1.000000 1.000000 1.000000
1258.000000 0.000000 3538.000000 -0.000000 0.868992 -0.000000 0.494826 1.000000 1.000000 1.000000
2232.927979 0.000000 1282.549316 -0.000000 -0.115707 -0.000000 0.993283 1.000000 1.000000 1.000000
2184.360352 0.000000 1335.305908 -0.000000 0.214507 -0.000000 0.976723 1.000000 1.000000 1.000000
1258.000000 0.000000 3569.000000 -0.000000 0.718633 -0.000000 0.695390 1.000000 1.000000 1.000000
1452.406982 0.000000 3242.603271 -0.000000 0.614601 -0.000000 0.788838 1.000000 1.000000 1.000000
2770.154053 0.000000 1715.358887 -0.000000 0.846366 -0.000000 0.532602 1.000000 1.000000 1.000000
1451.310425 0.000000 3219.929443 -0.000000 0.551149 -0.000000 0.834407 1.000000 1.000000 1.000000
1493.782349 0.000000 3202.032959 -0.000000 0.351232 -0.000000 0.936288 1.000000 1.000000 1.000000
2061.294189 0.000000 1494.717651 -0.000000 -0.946532 -0.000000 0.322611 1.000000 1.000000 1.000000
1296.095825 0.000000 3612.252930 -0.000000 0.868160 -0.000000 0.496284 1.000000 1.000000 1.000000
1505.358765 0.000000 3103.266113 -0.000000 0.818573 -0.000000 0.574402 1.000000 1.000000 1.000000
1509.254028 0.000000 3127.553223 -0.000000 0.351903 -0.000000 0.936036 1.000000 1.000000 1.000000
5470.869141 0.000000 1163.477295 0.000000 0.399312 0.000000 0.916815 1.000000 1.000000 1.000000
1443.328247 0.000000 3151.465820 -0.000000 0.740666 -0.000000 0.671874 1.000000 1.000000 1.000000
1464.000000 0.000000 3169.000000 -0.000000 0.999901 -0.000000 0.014079 1.000000 1.000000 1.000000
1495.820068 0.000000 3163.971924 -0.000000 0.815777 -0.000000 0.578367 1.000000 1.000000 1.000000
2342.824707 0.000000 1829.474487 -0.000000 -0.507374 -0.000000 0.861726 1.000000 1.000000 1.000000
1269.000000 0.000000 3590.000000 -0.000000 0.967759 -0.000000 0.251877 1.000000 1.000000 1.000000
1487.941162 0.000000 3095.967529 -0.000000 0.999943 -0.000000 0.010692 1.000000 1.000000 1.000000
1465.000000 0.000000 3084.000000 -0.000000 -0.000000 -0.000000 1.000000 1.000000 1.000000 1.000000
2434.678223 0.000000 1732.144897 -0.000000 0.173856 -0.000000 0.984771 1.000000 1.000000 1.000000
2375.950195 0.000000 1882.567871 -0.000000 0.620159 -0.000000 0.784476 1.000000 1.000000 1.000000
1565.000000 0.000000 3082.000000 -0.000000 -0.000000 -0.000000 1.000000 1.000000 1.000000 1.000000
1635.241821 0.000000 3086.442383 -0.000000 0.684781 -0.000000 0.728749 1.000000 1.000000 1.000000
1608.174194 0.000000 3065.142578 -0.000000 0.951226 -0.000000 0.308494 1.000000 1.000000 1.000000
1511.521240 0.000000 3041.083740 -0.000000 0.926756 -0.000000 0.375663 1.000000 1.000000 1.000000
5096.569824 0.000000 1655.308472 0.000000 0.978494 0.000000 -0.206277 1.000000 1.000000 1.000000
1544.870483 0.000000 3017.516357 -0.000000 0.857636 -0.000000 0.514257 1.000000 1.000000 1.000000
1478.303223 0.000000 3031.781006 -0.000000 0.845088 -0.000000 0.534628 1.000000 1.000000 1.000000
1622.123169 0.000000 3049.850342 -0.000000 -0.292708 -0.000000 0.956202 1.000000 1.000000 1.000000
1593.077881 0.000000 3020.113037 -0.000000 0.582880 -0.000000 0.812558 1.000000 1.000000 1.000000
785.619141 0.000000 3647.466553 -0.000000 -0.000000 -0.000000 1.000000 1.000000 1.000000 1.000000
2847.749512 0.000000 1502.248169 -0.000000 0.385361 -0.000000 0.922766 1.000000 1.000000 1.000000
1675.000000 0.000000 3050.000000 -0.000000 -0.000000 -0.000000 1.000000 1.000000 1.000000 1.000000
2144.446533 0.000000 1367.368774 -0.000000 -0.802509 -0.000000 0.596640 1.000000 1.000000 1.000000
2116.156738 0.000000 1388.088135 -0.000000 0.964383 -0.000000 0.264510 1.000000 1.000000 1.000000
2326.278564 0.000000 1940.715942 -0.000000 -0.279374 -0.000000 0.960182 1.000000 1.000000 1.000000
2132.777588 0.000000 1389.458008 -0.000000 -0.033960 -0.000000 0.999423 1.000000 1.000000 1.000000
6352.685059 0.000000 1100.186157 0.000000 0.985223 0.000000 -0.171275 1.000000 1.000000 1.000000
2060.697021 0.000000 1433.690430 -0.000000 -0.956578 -0.000000 0.291478 1.000000 1.000000 1.000000
2482.853027 0.000000 1652.914551 -0.000000 0.816870 -0.000000 0.576822 1.000000 1.000000 1.000000
5227.000000 0.000000 1446.000000 0.000000 0.000000 0.000000 1.000000 1.000000 1.000000 1.000000
318.821075 0.000000 3435.516357 -0.000000 0.604841 -0.000000 0.796346 1.000000 1.000000 1.000000
285.200348 0.000000 3460.556396 -0.000000 0.127312 -0.000000 0.991863 1.000000 1.000000 1.000000
240.213333 0.000000 3515.179688 -0.000000 0.308957 -0.000000 0.951076 1.000000 1.000000 1.000000
203.266678 0.000000 3565.150635 -0.000000 0.134638 -0.000000 0.990895 1.000000 1.000000 1.000000
164.541534 0.000000 3611.695801 -0.000000 -0.000000 -0.000000 1.000000 1.000000 1.000000 1.000000
105.904129 0.000000 3660.105469 -0.000000 0.803178 -0.000000 0.595739 1.000000 1.000000 1.000000
641.771057 0.000000 3606.214600 -0.000000 0.873329 -0.000000 -0.487131 1.000000 1.000000 1.000000
6129.709473 0.000000 880.319641 0.000000 -0.818118 0.000000 0.575051 1.000000 1.000000 1.000000
644.633606 0.000000 3639.854248 -0.000000 -0.607008 -0.000000 0.794696 1.000000 1.000000 1.000000
6163.963379 0.000000 1156.593140 0.000000 0.014343 0.000000 0.999897 1.000000 1.000000 1.000000
651.131714 0.000000 3694.387451 -0.000000 -0.431924 -0.000000 0.901910 1.000000 1.000000 1.000000
5846.014160 0.000000 859.786255 0.000000 0.977333 0.000000 -0.211708 1.000000 1.000000 1.000000
6070.168457 0.000000 1262.186157 0.000000 0.064835 0.000000 0.997896 1.000000 1.000000 1.000000
671.916931 0.000000 3705.464355 -0.000000 -0.402884 -0.000000 0.915251 1.000000 1.000000 1.000000
693.038635 0.000000 3687.286133 -0.000000 0.998000 -0.000000 0.063209 1.000000 1.000000 1.000000
728.851196 0.000000 3652.395020 -0.000000 0.194784 -0.000000 0.980846 1.000000 1.000000 1.000000
767.468994 0.000000 3638.136475 -0.000000 0.476738 -0.000000 0.879045 1.000000 1.000000 1.000000
792.629089 0.000000 3593.098145 -0.000000 -0.256493 -0.000000 0.966546 1.000000 1.000000 1.000000
824.000000 0.000000 3639.000000 -0.000000 -0.000000 -0.000000 1.000000 1.000000 1.000000 1.000000
842.000000 0.000000 3659.000000 -0.000000 -0.000000 -0.000000 1.000000 1.000000 1.000000 1.000000
853.336365 0.000000 3612.915527 -0.000000 0.602420 -0.000000 0.798179 1.000000 1.000000 1.000000
911.000000 0.000000 3648.000000 -0.000000 -0.000000 -0.000000 1.000000 1.000000 1.000000 1.000000
859.212769 0.000000 3682.310059 -0.000000 -0.625930 -0.000000 0.779880 1.000000 1.000000 1.000000
165.766693 0.000000 3565.015869 -0.000000 0.986535 -0.000000 0.163549 1.000000 1.000000 1.000000
145.408829 0.000000 3542.660400 -0.000000 -0.000000 -0.000000 1.000000 1.000000 1.000000 1.000000
170.972702 0.000000 3538.646484 -0.000000 0.962543 -0.000000 -0.271129 1.000000 1.000000 1.000000
201.000000 0.000000 3500.000000 -0.000000 -0.000000 -0.000000 1.000000 1.000000 1.000000 1.000000
5094.527344 0.000000 1765.354370 0.000000 0.218499 0.000000 0.975837 1.000000 1.000000 1.000000
6112.442383 0.000000 1038.726562 0.000000 0.119647 0.000000 0.992817 1.000000 1.000000 1.000000
840.252991 0.000000 3716.091064 -0.000000 -0.731057 -0.000000 0.682316 1.000000 1.000000 1.000000
1765.910645 0.000000 2012.231934 -0.000000 0.995568 -0.000000 -0.094043 1.000000 1.000000 1.000000
865.082581 0.000000 3733.960205 -0.000000 0.230439 -0.000000 0.973087 1.000000 1.000000 1.000000
900.583801 0.000000 3721.607178 -0.000000 -0.000000 -0.000000 1.000000 1.000000 1.000000 1.000000
945.005066 0.000000 3754.347900 -0.000000 -0.399669 -0.000000 0.916660 1.000000 1.000000 1.000000
985.000000 0.000000 3765.000000 -0.000000 -0.000000 -0.000000 1.000000 1.000000 1.000000 1.000000
1036.913330 0.000000 3754.491699 -0.000000 -0.177055 -0.000000 0.984201 1.000000 1.000000 1.000000
986.184387 0.000000 3706.898926 -0.000000 0.125379 -0.000000 0.992109 1.000000 1.000000 1.000000
5527.639160 0.000000 963.671448 0.000000 0.998021 0.000000 0.062881 1.000000 1.000000 1.000000
1085.748291 0.000000 3768.010254 -0.000000 0.322196 -0.000000 0.946673 1.000000 1.000000 1.000000
1138.189331 0.000000 3755.189453 -0.000000 0.400669 -0.000000 0.916223 1.000000 1.000000 1.000000
1203.742188 0.000000 3748.857178 0.000000 0.089024 0.000000 0.996029 1.000000 1.000000 1.000000
1238.773926 0.000000 3727.814453 -0.000000 0.322572 -0.000000 0.946545 1.000000 1.000000 1.000000
1308.158936 0.000000 3706.132324 -0.000000 -0.000000 -0.000000 1.000000 1.000000 1.000000 1.000000
1009.040710 0.000000 3734.649414 -0.000000 0.995918 -0.000000 -0.090259 1.000000 1.000000 1.000000
1144.666016 0.000000 3683.885010 -0.000000 0.936782 -0.000000 0.349913 1.000000 1.000000 1.000000
1184.000000 0.000000 3617.000000 -0.000000 0.274125 -0.000000 0.961694 1.000000 1.000000 1.000000
1206.845459 0.000000 3637.495850 -0.000000 0.993767 -0.000000 0.111473 1.000000 1.000000 1.000000
1120.052002 0.000000 3574.469971 -0.000000 -0.652926 -0.000000 0.757422 1.000000 1.000000 1.000000
1108.031860 0.000000 3592.652832 -0.000000 0.994836 -0.000000 -0.101499 1.000000 1.000000 1.000000
1071.634644 0.000000 3586.459473 -0.000000 0.526678 -0.000000 0.850065 1.000000 1.000000 1.000000
1216.392212 0.000000 3451.786865 -0.000000 -0.000000 -0.000000 1.000000 1.000000 1.000000 1.000000
1281.000000 0.000000 3461.000000 -0.000000 -0.000000 -0.000000 1.000000 1.000000 1.000000 1.000000
1325.070435 0.000000 3451.791748 -0.000000 -0.821490 -0.000000 0.570222 1.000000 1.000000 1.000000
1316.306641 0.000000 3438.317139 -0.000000 -0.928953 -0.000000 0.370198 1.000000 1.000000 1.000000
1255.927490 0.000000 3434.747803 -0.000000 0.356912 -0.000000 0.934138 1.000000 1.000000 1.000000
2133.023926 0.000000 1838.110840 -0.000000 -0.878593 -0.000000 0.477573 1.000000 1.000000 1.000000
1728.940430 0.000000 3023.915771 -0.000000 -0.560497 -0.000000 0.828156 1.000000 1.000000 1.000000
2412.631348 0.000000 1012.200806 -0.000000 -0.940362 -0.000000 0.340175 1.000000 1.000000 1.000000
2348.247314 0.000000 1110.489502 -0.000000 -0.561141 -0.000000 0.827720 1.000000 1.000000 1.000000
2264.043213 0.000000 1216.591309 -0.000000 -0.892920 -0.000000 0.450215 1.000000 1.000000 1.000000
1408.000000 0.000000 3340.000000 -0.000000 -0.000000 -0.000000 1.000000 1.000000 1.000000 1.000000
1372.349243 0.000000 3358.559082 -0.000000 0.241219 -0.000000 0.970471 1.000000 1.000000 1.000000
2308.743408 0.000000 1172.255859 -0.000000 -0.999516 -0.000000 -0.031096 1.000000 1.000000 1.000000
1394.000000 0.000000 3384.000000 -0.000000 0.820113 -0.000000 0.572201 1.000000 1.000000 1.000000
2735.868164 0.000000 1544.266846 -0.000000 -0.183974 -0.000000 0.982931 1.000000 1.000000 1.000000
1415.000000 0.000000 3403.000000 -0.000000 0.937294 -0.000000 0.348541 1.000000 1.000000 1.000000
1407.664551 0.000000 3414.177246 -0.000000 -0.269147 -0.000000 0.963099 1.000000 1.000000 1.000000
1382.000000 0.000000 3437.000000 -0.000000 0.849198 -0.000000 0.528074 1.000000 1.000000 1.000000
2416.006348 0.000000 823.955566 -0.000000 -0.823192 -0.000000 0.567763 1.000000 1.000000 1.000000
2416.109375 0.000000 997.097961 -0.000000 -0.536551 -0.000000 0.843868 1.000000 1.000000 1.000000
1364.068115 0.000000 3458.767578 -0.000000 0.228092 -0.000000 0.973640 1.000000 1.000000 1.000000
1348.201416 0.000000 3479.244385 -0.000000 0.982216 -0.000000 -0.187757 1.000000 1.000000 1.000000
1381.739746 0.000000 3503.307617 -0.000000 0.941200 -0.000000 0.337849 1.000000 1.000000 1.000000
1396.000000 0.000000 3520.000000 -0.000000 0.736768 -0.000000 0.676146 1.000000 1.000000 1.000000
1462.665894 0.000000 3663.734619 -0.000000 0.964590 -0.000000 -0.263753 1.000000 1.000000 1.000000
1415.000000 0.000000 3670.000000 -0.000000 0.830478 -0.000000 0.557051 1.000000 1.000000 1.000000
1353.000000 0.000000 3658.000000 -0.000000 0.863342 -0.000000 0.504620 1.000000 1.000000 1.000000
1274.852783 0.000000 3611.534668 -0.000000 -0.212300 -0.000000 0.977205 1.000000 1.000000 1.000000
1297.648804 0.000000 3636.205322 -0.000000 -0.248587 -0.000000 0.968610 1.000000 1.000000 1.000000
1277.730225 0.000000 3648.494385 -0.000000 0.371308 -0.000000 0.928510 1.000000 1.000000 1.000000
1334.955811 0.000000 3653.959717 -0.000000 -0.240790 -0.000000 0.970577 1.000000 1.000000 1.000000
1334.431885 0.000000 3684.347900 -0.000000 0.978965 -0.000000 0.204028 1.000000 1.000000 1.000000
1376.943481 0.000000 3712.111328 -0.000000 0.517868 -0.000000 0.855460 1.000000 1.000000 1.000000
2388.254883 0.000000 1199.122070 -0.000000 0.999136 -0.000000 -0.041557 1.000000 1.000000 1.000000
1055.627075 0.000000 3516.189941 -0.000000 0.749853 -0.000000 0.661605 1.000000 1.000000 1.000000
1236.154541 0.000000 3566.617676 -0.000000 0.208989 -0.000000 0.977918 1.000000 1.000000 1.000000
4927.545410 0.000000 1904.317505 0.000000 0.917008 0.000000 -0.398869 1.000000 1.000000 1.000000
397.226715 0.000000 3404.404053 0.000000 -0.987925 0.000000 -0.154930 1.000000 1.000000 1.000000
907.000000 0.000000 2705.000000 -0.000000 -0.000000 -0.000000 1.000000 1.000000 1.000000 1.000000
2061.017822 0.000000 1625.734619 -0.000000 -0.937994 -0.000000 0.346652 1.000000 1.000000 1.000000
2077.882080 0.000000 1679.191040 -0.000000 -0.770645 -0.000000 0.637265 1.000000 1.000000 1.000000
1442.000000 0.000000 3251.000000 -0.000000 -0.000000 -0.000000 1.000000 1.000000 1.000000 1.000000
5827.935059 0.000000 895.696899 0.000000 0.958652 0.000000 0.284581 1.000000 1.000000 1.000000
1960.231567 0.000000 2960.487061 -0.000000 -0.275768 -0.000000 0.961224 1.000000 1.000000 1.000000
2010.022583 0.000000 2962.243896 -0.000000 -0.293073 -0.000000 0.956090 1.000000 1.000000 1.000000
2023.277832 0.000000 3020.136475 -0.000000 -0.754418 -0.000000 0.656394 1.000000 1.000000 1.000000
2040.210449 0.000000 3057.128662 -0.000000 -0.261585 -0.000000 0.965181 1.000000 1.000000 1.000000
1892.000000 0.000000 2936.000000 -0.000000 -0.451690 -0.000000 0.892175 1.000000 1.000000 1.000000
1927.718018 0.000000 2949.132812 -0.000000 -0.293438 -0.000000 0.955978 1.000000 1.000000 1.000000
2096.251465 0.000000 3055.084473 -0.000000 -0.068002 -0.000000 0.997685 1.000000 1.000000 1.000000
2137.447021 0.000000 3051.826416 -0.000000 0.211048 -0.000000 0.977476 1.000000 1.000000 1.000000
2175.226807 0.000000 3038.447510 -0.000000 0.162515 -0.000000 0.986706 1.000000 1.000000 1.000000
2430.064941 0.000000 2772.961426 -0.000000 0.781061 -0.000000 0.624455 1.000000 1.000000 1.000000
2467.920410 0.000000 2797.648926 -0.000000 -0.969612 -0.000000 0.244649 1.000000 1.000000 1.000000
2516.664062 0.000000 2791.935059 -0.000000 -0.991222 -0.000000 0.132206 1.000000 1.000000 1.000000
2600.205078 0.000000 2769.047852 -0.000000 -0.696456 -0.000000 0.717600 1.000000 1.000000 1.000000
2605.220947 0.000000 2761.583984 -0.000000 -0.953722 -0.000000 0.300689 1.000000 1.000000 1.000000
2605.492676 0.000000 2731.169922 -0.000000 -0.226562 -0.000000 0.973997 1.000000 1.000000 1.000000
2554.709717 0.000000 2718.244385 -0.000000 -0.705791 -0.000000 0.708420 1.000000 1.000000 1.000000
2512.126221 0.000000 2690.671143 -0.000000 -0.436130 -0.000000 0.899884 1.000000 1.000000 1.000000
2476.518799 0.000000 2685.359619 -0.000000 0.163207 -0.000000 0.986592 1.000000 1.000000 1.000000
2450.260742 0.000000 2676.283203 -0.000000 -0.475913 -0.000000 0.879492 1.000000 1.000000 1.000000
2424.468262 0.000000 2675.075195 -0.000000 0.391941 -0.000000 0.919990 1.000000 1.000000 1.000000
2386.279785 0.000000 2673.795410 -0.000000 0.104363 -0.000000 0.994539 1.000000 1.000000 1.000000
2357.634033 0.000000 2684.473145 -0.000000 0.072781 -0.000000 0.997348 1.000000 1.000000 1.000000
2392.457031 0.000000 2766.362061 -0.000000 0.998089 -0.000000 0.061785 1.000000 1.000000 1.000000
2549.653320 0.000000 2796.845703 -0.000000 0.985676 -0.000000 0.168650 1.000000 1.000000 1.000000
2584.664551 0.000000 2805.135986 -0.000000 0.999784 -0.000000 -0.020785 1.000000 1.000000 1.000000
2628.891602 0.000000 2792.617676 -0.000000 -0.574780 -0.000000 0.818308 1.000000 1.000000 1.000000
2317.673096 0.000000 2744.002441 -0.000000 0.648674 -0.000000 0.761066 1.000000 1.000000 1.000000
2651.184570 0.000000 2831.800781 -0.000000 -0.977004 -0.000000 0.213220 1.000000 1.000000 1.000000
2218.470459 0.000000 3019.295654 -0.000000 0.291833 -0.000000 0.956469 1.000000 1.000000 1.000000
2288.440186 0.000000 2991.366699 -0.000000 0.459893 -0.000000 0.887974 1.000000 1.000000 1.000000
2317.898926 0.000000 2956.198486 -0.000000 0.515242 -0.000000 0.857045 1.000000 1.000000 1.000000
2416.723633 0.000000 2914.081787 -0.000000 -0.230216 -0.000000 0.973140 1.000000 1.000000 1.000000
2457.014160 0.000000 2923.575195 -0.000000 0.013946 -0.000000 0.999903 1.000000 1.000000 1.000000
2507.059082 0.000000 2934.740234 -0.000000 0.178212 -0.000000 0.983992 1.000000 1.000000 1.000000
2570.148438 0.000000 2942.799072 -0.000000 -0.435141 -0.000000 0.900362 1.000000 1.000000 1.000000
2623.929443 0.000000 2960.842041 -0.000000 -0.088568 -0.000000 0.996070 1.000000 1.000000 1.000000
2701.354736 0.000000 1603.785278 -0.000000 -0.385446 -0.000000 0.922730 1.000000 1.000000 1.000000
2665.050781 0.000000 3008.223389 -0.000000 -0.262660 -0.000000 0.964889 1.000000 1.000000 1.000000
2690.278564 0.000000 3022.521240 -0.000000 -0.236240 -0.000000 0.971695 1.000000 1.000000 1.000000
2719.570557 0.000000 3042.877441 -0.000000 -0.279843 -0.000000 0.960046 1.000000 1.000000 1.000000
2766.825195 0.000000 3039.758057 -0.000000 0.362123 -0.000000 0.932130 1.000000 1.000000 1.000000
2802.701660 0.000000 3025.034424 -0.000000 0.291161 -0.000000 0.956674 1.000000 1.000000 1.000000
2886.629639 0.000000 3006.500977 -0.000000 -0.233007 -0.000000 0.972475 1.000000 1.000000 1.000000
2895.769775 0.000000 3034.350098 -0.000000 -0.491192 -0.000000 0.871051 1.000000 1.000000 1.000000
2938.942383 0.000000 3049.658447 -0.000000 -0.364994 -0.000000 0.931010 1.000000 1.000000 1.000000
2990.435303 0.000000 3053.898682 -0.000000 0.347858 -0.000000 0.937547 1.000000 1.000000 1.000000
2990.524414 0.000000 3009.031006 -0.000000 0.955052 -0.000000 0.296437 1.000000 1.000000 1.000000
2942.920410 0.000000 2978.216553 -0.000000 -0.969183 -0.000000 -0.246344 1.000000 1.000000 1.000000
2958.677002 0.000000 2912.249512 -0.000000 0.648279 -0.000000 0.761403 1.000000 1.000000 1.000000
2921.163818 0.000000 2838.920410 -0.000000 0.954935 -0.000000 0.296816 1.000000 1.000000 1.000000
2938.486572 0.000000 2817.167725 -0.000000 0.245186 -0.000000 0.969476 1.000000 1.000000 1.000000
2951.216064 0.000000 2783.036133 -0.000000 0.523275 0.000000 0.852164 1.000000 1.000000 1.000000
2948.086182 0.000000 2756.888184 -0.000000 0.843706 -0.000000 0.536805 1.000000 1.000000 1.000000
2948.105469 0.000000 2706.982910 -0.000000 0.363403 -0.000000 0.931632 1.000000 1.000000 1.000000
2954.782715 0.000000 2680.672119 -0.000000 0.412171 -0.000000 0.911107 1.000000 1.000000 1.000000
2691.699219 0.000000 1540.427856 -0.000000 -0.758072 -0.000000 0.652171 1.000000 1.000000 1.000000
2599.068359 0.000000 1511.511719 -0.000000 -0.000000 -0.000000 1.000000 1.000000 1.000000 1.000000
2961.390869 0.000000 2657.395508 -0.000000 0.745068 -0.000000 0.666988 1.000000 1.000000 1.000000
2933.336182 0.000000 2641.390381 -0.000000 -0.999994 -0.000000 -0.003514 1.000000 1.000000 1.000000
2907.768066 0.000000 2614.153809 -0.000000 0.912450 -0.000000 0.409189 1.000000 1.000000 1.000000
2901.581299 0.000000 2581.001953 -0.000000 0.596889 -0.000000 0.802324 1.000000 1.000000 1.000000
2881.030762 0.000000 2545.927490 -0.000000 -0.998926 -0.000000 -0.046344 1.000000 1.000000 1.000000
2859.868896 0.000000 2502.639160 -0.000000 0.786782 -0.000000 0.617230 1.000000 1.000000 1.000000
2847.131836 0.000000 2474.377686 -0.000000 0.794462 -0.000000 0.607314 1.000000 1.000000 1.000000
2824.934814 0.000000 2437.929688 -0.000000 -0.986908 -0.000000 -0.161284 1.000000 1.000000 1.000000
2810.787598 0.000000 2407.745605 -0.000000 0.928166 -0.000000 0.372168 1.000000 1.000000 1.000000
2804.118896 0.000000 2372.705811 -0.000000 0.653515 -0.000000 0.756913 1.000000 1.000000 1.000000
2775.639160 0.000000 2322.197266 -0.000000 0.790516 -0.000000 0.612441 1.000000 1.000000 1.000000
2766.020264 0.000000 2284.082520 -0.000000 0.812071 -0.000000 0.583558 1.000000 1.000000 1.000000
2749.012939 0.000000 2231.328613 -0.000000 0.853648 -0.000000 0.520851 1.000000 1.000000 1.000000
2736.393799 0.000000 2202.213623 -0.000000 0.846821 -0.000000 0.531878 1.000000 1.000000 1.000000
2719.688721 0.000000 2170.686279 -0.000000 0.860113 -0.000000 0.510103 1.000000 1.000000 1.000000
2696.573730 0.000000 2139.479980 -0.000000 -0.899669 -0.000000 -0.436574 1.000000 1.000000 1.000000
2672.607910 0.000000 2115.871582 -0.000000 0.938900 -0.000000 0.344189 1.000000 1.000000 1.000000
2786.688477 0.000000 1791.839355 -0.000000 0.015991 -0.000000 0.999872 1.000000 1.000000 1.000000
1469.539185 0.000000 2101.737793 -0.000000 -0.844720 -0.000000 0.535208 1.000000 1.000000 1.000000
2036.867188 0.000000 2051.874512 -0.000000 0.158207 -0.000000 0.987406 1.000000 1.000000 1.000000
2065.020020 0.000000 2072.754883 -0.000000 0.838840 -0.000000 0.544379 1.000000 1.000000 1.000000
2107.882812 0.000000 2015.521484 0.000000 -0.921077 0.000000 0.389381 1.000000 1.000000 1.000000
2174.706299 0.000000 2069.439453 -0.000000 -0.317266 -0.000000 0.948336 1.000000 1.000000 1.000000
2130.207031 0.000000 2116.298828 -0.000000 0.576302 -0.000000 0.817236 1.000000 1.000000 1.000000
2128.096680 0.000000 1997.828247 -0.000000 -0.469782 -0.000000 0.882783 1.000000 1.000000 1.000000
2194.847656 0.000000 2044.613281 -0.000000 -0.729796 -0.000000 0.683664 1.000000 1.000000 1.000000
2237.247070 0.000000 2113.379150 -0.000000 0.970389 -0.000000 -0.241549 1.000000 1.000000 1.000000
2086.114990 0.000000 1935.958374 -0.000000 0.378140 -0.000000 0.925748 1.000000 1.000000 1.000000
2185.635254 0.000000 1991.828979 -0.000000 0.848036 -0.000000 0.529938 1.000000 1.000000 1.000000
2279.912842 0.000000 2022.448608 -0.000000 -0.433767 -0.000000 0.901025 1.000000 1.000000 1.000000
2266.411133 0.000000 2059.311523 -0.000000 0.879495 -0.000000 0.475910 1.000000 1.000000 1.000000
2138.119385 0.000000 1903.801270 -0.000000 0.573680 -0.000000 0.819079 1.000000 1.000000 1.000000
2223.607910 0.000000 1987.559937 0.000000 0.896910 0.000000 0.442212 1.000000 1.000000 1.000000
2253.623291 0.000000 2001.854614 -0.000000 0.999610 -0.000000 0.027915 1.000000 1.000000 1.000000
2336.896240 0.000000 2042.103394 -0.000000 0.936483 -0.000000 0.350714 1.000000 1.000000 1.000000
2062.065430 0.000000 1980.881104 -0.000000 0.342760 -0.000000 0.939422 1.000000 1.000000 1.000000
1991.595581 0.000000 2038.878906 -0.000000 0.094752 -0.000000 0.995501 1.000000 1.000000 1.000000
1906.656128 0.000000 2076.895752 -0.000000 0.999229 -0.000000 -0.039270 1.000000 1.000000 1.000000
1996.698364 0.000000 2024.504150 -0.000000 -0.996438 -0.000000 0.084337 1.000000 1.000000 1.000000
2074.610107 0.000000 1920.202637 -0.000000 -0.967339 -0.000000 0.253486 1.000000 1.000000 1.000000
2658.721680 0.000000 1205.712524 -0.000000 -0.828202 -0.000000 0.560430 1.000000 1.000000 1.000000
1067.226929 0.000000 2191.011963 -0.000000 -0.766486 -0.000000 0.642261 1.000000 1.000000 1.000000
654.998901 0.000000 2347.843262 -0.000000 0.985083 -0.000000 -0.172079 1.000000 1.000000 1.000000
859.578003 0.000000 2240.742188 -0.000000 0.977204 -0.000000 -0.212305 1.000000 1.000000 1.000000
732.261841 0.000000 2310.996338 -0.000000 -0.745770 -0.000000 0.666203 1.000000 1.000000 1.000000
2606.012695 0.000000 1341.778198 -0.000000 -0.829056 -0.000000 0.559166 1.000000 1.000000 1.000000
2534.136963 0.000000 1493.020996 -0.000000 0.053228 -0.000000 0.998582 1.000000 1.000000 1.000000
2464.679443 0.000000 1578.964722 -0.000000 -0.810233 -0.000000 0.586108 1.000000 1.000000 1.000000
2380.976562 0.000000 1703.697388 -0.000000 -0.651040 -0.000000 0.759043 1.000000 1.000000 1.000000
2720.072998 0.000000 1111.715088 -0.000000 -0.890392 -0.000000 0.455195 1.000000 1.000000 1.000000
2798.980957 0.000000 965.238525 -0.000000 -0.923354 -0.000000 0.383949 1.000000 1.000000 1.000000
2878.339355 0.000000 827.868774 -0.000000 -0.073146 -0.000000 0.997321 1.000000 1.000000 1.000000
521.979858 0.000000 2371.424805 -0.000000 0.999418 -0.000000 -0.034105 1.000000 1.000000 1.000000
449.549927 0.000000 2355.289551 -0.000000 0.964512 -0.000000 0.264039 1.000000 1.000000 1.000000
369.253113 0.000000 2342.992432 -0.000000 0.969309 -0.000000 0.245847 1.000000 1.000000 1.000000
298.249451 0.000000 2311.310791 -0.000000 0.963784 -0.000000 0.266683 1.000000 1.000000 1.000000
237.492432 0.000000 2268.651367 -0.000000 0.943485 -0.000000 0.331416 1.000000 1.000000 1.000000
186.566772 0.000000 2203.187500 -0.000000 0.790876 -0.000000 0.611976 1.000000 1.000000 1.000000
5481.022949 0.000000 1220.098755 0.000000 0.998802 0.000000 0.048926 1.000000 1.000000 1.000000
4129.959473 0.000000 2506.731689 0.000000 -0.682710 0.000000 0.730690 1.000000 1.000000 1.000000
4415.131348 0.000000 2538.538574 0.000000 -0.714193 0.000000 0.699948 1.000000 1.000000 1.000000
4407.975098 0.000000 2465.578125 0.000000 0.226889 0.000000 0.973921 1.000000 1.000000 1.000000
4412.884766 0.000000 2492.154297 0.000000 -0.946941 0.000000 -0.321406 1.000000 1.000000 1.000000
4269.360352 0.000000 2465.088623 0.000000 0.069828 0.000000 0.997559 1.000000 1.000000 1.000000
4347.621094 0.000000 2423.769531 0.000000 0.000000 0.000000 1.000000 1.000000 1.000000 1.000000
4382.775391 0.000000 2398.187500 0.000000 -0.058804 0.000000 0.998269 1.000000 1.000000 1.000000
4459.499023 0.000000 2365.165771 0.000000 0.271982 0.000000 0.962302 1.000000 1.000000 1.000000
4565.705078 0.000000 2280.694336 0.000000 0.082791 0.000000 0.996567 1.000000 1.000000 1.000000
4633.781738 0.000000 2201.686523 0.000000 -0.063982 0.000000 0.997951 1.000000 1.000000 1.000000
4655.113281 0.000000 2190.300537 0.000000 0.424229 0.000000 0.905555 1.000000 1.000000 1.000000
4694.443359 0.000000 2144.899902 0.000000 0.209377 0.000000 0.977835 1.000000 1.000000 1.000000
4740.176758 0.000000 2141.312256 0.000000 -0.137684 0.000000 0.990476 1.000000 1.000000 1.000000
4781.312988 0.000000 2119.128418 0.000000 0.390059 0.000000 0.920790 1.000000 1.000000 1.000000
4787.446289 0.000000 2104.431152 0.000000 0.062094 0.000000 0.998070 1.000000 1.000000 1.000000
4814.810547 0.000000 2066.443359 0.000000 -0.162966 0.000000 0.986632 1.000000 1.000000 1.000000
4785.612793 0.000000 2034.901123 0.000000 -0.502554 0.000000 0.864546 1.000000 1.000000 1.000000
4687.049805 0.000000 2122.123779 0.000000 0.484933 0.000000 0.874551 1.000000 1.000000 1.000000
4704.916016 0.000000 2003.430420 0.000000 -0.199638 0.000000 0.979870 1.000000 1.000000 1.000000
4548.190430 0.000000 2268.308594 0.000000 -0.969440 0.000000 0.245329 1.000000 1.000000 1.000000
4602.704590 0.000000 2215.356934 0.000000 -0.949752 0.000000 0.313005 1.000000 1.000000 1.000000
4590.124512 0.000000 2192.059570 0.000000 -0.101934 0.000000 0.994791 1.000000 1.000000 1.000000
4675.119141 0.000000 2140.641113 0.000000 -0.765348 0.000000 0.643617 1.000000 1.000000 1.000000
4608.437988 0.000000 2126.184082 0.000000 0.202269 0.000000 0.979330 1.000000 1.000000 1.000000
4629.220703 0.000000 2095.835205 0.000000 0.242670 0.000000 0.970109 1.000000 1.000000 1.000000
4596.085449 0.000000 2169.747070 0.000000 -0.978027 0.000000 0.208477 1.000000 1.000000 1.000000
4566.078613 0.000000 2179.531250 0.000000 -0.021849 0.000000 0.999761 1.000000 1.000000 1.000000
4547.492676 0.000000 2243.306641 0.000000 -0.988120 0.000000 0.153681 1.000000 1.000000 1.000000
4512.172852 0.000000 2262.322510 0.000000 -0.998778 0.000000 0.049414 1.000000 1.000000 1.000000
4483.716309 0.000000 2283.240967 0.000000 -0.997468 0.000000 -0.071111 1.000000 1.000000 1.000000
4469.828125 0.000000 2294.512939 0.000000 -0.475564 0.000000 0.879681 1.000000 1.000000 1.000000
4446.395020 0.000000 2351.201904 0.000000 -0.778730 0.000000 0.627359 1.000000 1.000000 1.000000
4404.903320 0.000000 2338.609131 0.000000 0.443585 0.000000 0.896232 1.000000 1.000000 1.000000
4374.088867 0.000000 2383.088135 0.000000 0.731692 0.000000 0.681635 1.000000 1.000000 1.000000
4499.644531 0.000000 2307.451904 0.000000 0.435196 0.000000 0.900336 1.000000 1.000000 1.000000
4529.554199 0.000000 2301.943359 0.000000 -0.874908 0.000000 0.484288 1.000000 1.000000 1.000000
4424.901855 0.000000 2278.657471 0.000000 0.186343 0.000000 0.982485 1.000000 1.000000 1.000000
4472.307129 0.000000 2262.769775 0.000000 -0.968383 0.000000 0.249469 1.000000 1.000000 1.000000
4478.244141 0.000000 2251.671631 0.000000 -0.894058 0.000000 0.447952 1.000000 1.000000 1.000000
4476.410645 0.000000 2212.436279 0.000000 0.016235 0.000000 0.999868 1.000000 1.000000 1.000000
4404.041504 0.000000 2251.843750 0.000000 0.064469 0.000000 0.997920 1.000000 1.000000 1.000000
4412.290039 0.000000 2284.558350 0.000000 -0.935667 0.000000 0.352885 1.000000 1.000000 1.000000
4384.540039 0.000000 2353.326660 0.000000 -0.898604 0.000000 0.438761 1.000000 1.000000 1.000000
4283.045898 0.000000 2450.442383 0.000000 -0.995401 0.000000 0.095796 1.000000 1.000000 1.000000
4373.004883 0.000000 2300.782715 0.000000 -0.916548 0.000000 0.399924 1.000000 1.000000 1.000000
4388.996582 0.000000 2261.286621 0.000000 -0.881966 0.000000 0.471313 1.000000 1.000000 1.000000
4420.318848 0.000000 2227.899414 0.000000 -0.993430 0.000000 -0.114438 1.000000 1.000000 1.000000
4503.221680 0.000000 2199.341309 0.000000 -0.968428 0.000000 0.249292 1.000000 1.000000 1.000000
4546.439453 0.000000 2188.867188 0.000000 -0.995494 0.000000 0.094824 1.000000 1.000000 1.000000
4588.765625 0.000000 2135.016846 0.000000 -0.999682 0.000000 0.025200 1.000000 1.000000 1.000000
4613.445801 0.000000 2097.034424 0.000000 -0.999895 0.000000 0.014460 1.000000 1.000000 1.000000
4655.141602 0.000000 2062.562744 0.000000 -0.725505 0.000000 0.688217 1.000000 1.000000 1.000000
4430.358398 0.000000 2445.728516 0.000000 -0.000549 0.000000 1.000000 1.000000 1.000000 1.000000
4395.832031 0.000000 2472.149902 0.000000 -0.778347 0.000000 0.627834 1.000000 1.000000 1.000000
4413.387207 0.000000 2443.290039 0.000000 -0.990223 0.000000 0.139493 1.000000 1.000000 1.000000
4457.090820 0.000000 2415.000244 0.000000 -0.994559 0.000000 0.104176 1.000000 1.000000 1.000000
4538.157227 0.000000 2359.027832 0.000000 -0.987666 0.000000 0.156575 1.000000 1.000000 1.000000
4582.815430 0.000000 2328.347168 0.000000 0.972232 0.000000 -0.234020 1.000000 1.000000 1.000000
4638.095215 0.000000 2291.893555 0.000000 -0.997747 0.000000 -0.067092 1.000000 1.000000 1.000000
4682.364258 0.000000 2258.687988 0.000000 -0.995620 0.000000 -0.093496 1.000000 1.000000 1.000000
4736.928711 0.000000 2226.268066 0.000000 -0.997923 0.000000 -0.064413 1.000000 1.000000 1.000000
4849.340820 0.000000 2111.580566 0.000000 -0.531029 0.000000 0.847354 1.000000 1.000000 1.000000
4491.877441 0.000000 2416.217773 0.000000 -0.282947 0.000000 0.959136 1.000000 1.000000 1.000000
4569.604492 0.000000 2347.612793 0.000000 0.088507 0.000000 0.996075 1.000000 1.000000 1.000000
4660.979980 0.000000 2280.232422 0.000000 0.561293 0.000000 0.827617 1.000000 1.000000 1.000000
4749.044922 0.000000 2236.669189 0.000000 -0.145659 0.000000 0.989335 1.000000 1.000000 1.000000
4822.615723 0.000000 2170.148682 0.000000 0.140041 0.000000 0.990146 1.000000 1.000000 1.000000
4724.212402 0.000000 2042.800537 0.000000 -0.262748 0.000000 0.964864 1.000000 1.000000 1.000000
4681.460449 0.000000 2074.015137 0.000000 -0.927159 0.000000 -0.374667 1.000000 1.000000 1.000000
4859.336426 0.000000 2224.165771 0.000000 -0.948657 0.000000 0.316307 1.000000 1.000000 1.000000
4458.991699 0.000000 2347.393555 0.000000 0.544715 0.000000 0.838621 1.000000 1.000000 1.000000
4172.550293 0.000000 2484.182861 0.000000 0.119526 0.000000 0.992831 0.977905 0.977905 0.977905
4564.976562 0.000000 2217.356934 0.000000 0.285171 0.000000 0.958477 1.000000 1.000000 1.000000
4921.481445 0.000000 2183.288574 0.000000 -0.195630 0.000000 0.980678 1.000000 1.000000 1.000000
4969.846680 0.000000 2191.050781 0.000000 0.203464 0.000000 0.979082 1.000000 1.000000 1.000000
5070.209473 0.000000 2226.390137 0.000000 -0.926544 0.000000 0.376186 1.000000 1.000000 1.000000
5079.922363 0.000000 2252.506592 0.000000 0.722642 0.000000 0.691222 1.000000 1.000000 1.000000
5114.434570 0.000000 2188.654541 0.000000 0.164291 0.000000 0.986412 1.000000 1.000000 1.000000
5093.506836 0.000000 2186.960205 0.000000 -0.999986 0.000000 0.005245 1.000000 1.000000 1.000000
5062.865234 0.000000 2137.985352 0.000000 0.159834 0.000000 0.987144 1.000000 1.000000 1.000000
5115.092773 0.000000 2096.141846 0.000000 0.164833 0.000000 0.986322 1.000000 1.000000 1.000000
5341.985352 0.000000 1973.822998 0.000000 0.624363 0.000000 0.781134 1.000000 1.000000 1.000000
5316.434082 0.000000 2024.158813 0.000000 0.209794 0.000000 0.977746 1.000000 1.000000 1.000000
5098.823730 0.000000 2151.354980 0.000000 -0.790978 0.000000 -0.611845 1.000000 1.000000 1.000000
4218.743164 0.000000 2461.932129 0.000000 0.998333 0.000000 -0.057711 1.000000 1.000000 1.000000
4320.727539 0.000000 2422.136963 0.000000 -0.951701 0.000000 0.307028 1.000000 1.000000 1.000000
4366.250488 0.000000 2351.294434 0.000000 -0.767230 0.000000 0.641372 1.000000 1.000000 1.000000
5644.136230 0.000000 1104.511108 0.000000 -0.709951 0.000000 0.704251 1.000000 1.000000 1.000000
5608.389648 0.000000 945.803772 0.000000 0.000000 0.000000 1.000000 1.000000 1.000000 1.000000
5692.519043 0.000000 853.921936 0.000000 -0.761841 0.000000 0.647765 1.000000 1.000000 1.000000
6184.011719 0.000000 943.399475 0.000000 0.975636 0.000000 -0.219397 1.000000 1.000000 1.000000
6263.934082 0.000000 1011.199768 0.000000 0.937400 0.000000 0.348255 1.000000 1.000000 1.000000
5388.945312 0.000000 1282.739014 0.000000 0.994150 0.000000 -0.108009 1.000000 1.000000 1.000000
6398.719238 0.000000 1132.342163 0.000000 0.910087 0.000000 0.414418 1.000000 1.000000 1.000000
"}
